;d1;d2;d3;d4;d5;d6;d7;d8;d9;d10;d11;d12;d13;d14;d15;d16;d17;d18;d19;d20;d21;d22;d23;d24;d25;d26;d27;d28;d29;d30;d31;d32;d33;d34;d35;d36;d37;d38;d39;d40;d41;d42;d43;d44;d45;d46;d47;d48;d49;d50;d51;d52;d53;d54;d55;d56;d57;d58;d59;d60;d61;d62;d63;d64;d65;d66;d67;d68;d69;d70;d71;d72;d73;w1;w2;w3;w4;w5;w6;w7;w8;w9;w10;w11;w12;w13;w14;w15;w16;w17;w18;w19;w20;w21;w22;w23;w24;w25;w26;w27;w28;w29;w30;w31;w32;w33;w34;w35;w36;w37;w38;w39;w40;w41;w42;w43;w44;w45;w46;w47;w48;w49;w50;w51;w52;w53;w54;w55;w56;w57;w58;w59;w60;w61;w62;w63;w64;w65;w66;w67;w68;w69;w70;w71;w72;w73;act_label_orig_opt_problem_c1;act_label_orig_opt_problem_c2;act_label_orig_opt_problem_c3;act_label_orig_opt_problem_c4;act_label_orig_opt_problem_c5;act_label_orig_opt_problem_c6;act_label_orig_opt_problem_c7;act_label_orig_opt_problem_c8;act_label_orig_opt_problem_c9;act_label_orig_opt_problem_c10;act_label_orig_opt_problem_c11;act_label_orig_opt_problem_c12;act_label_orig_opt_problem_c13;act_label_orig_opt_problem_c14;act_label_orig_opt_problem_c15;act_label_orig_opt_problem_c16;act_label_orig_opt_problem_c17;act_label_orig_opt_problem_c18;act_label_orig_opt_problem_c19;act_label_orig_opt_problem_c20;act_label_orig_opt_problem_c21;act_label_orig_opt_problem_c22;act_label_orig_opt_problem_c23;act_label_orig_opt_problem_c24;act_label_orig_opt_problem_c25;act_label_orig_opt_problem_c26;act_label_orig_opt_problem_c27;act_label_orig_opt_problem_c28;act_label_orig_opt_problem_c29;act_label_orig_opt_problem_c30;act_label_orig_opt_problem_c31;act_label_orig_opt_problem_c32;act_label_orig_opt_problem_c33;act_label_orig_opt_problem_c34;act_label_orig_opt_problem_c35;act_label_orig_opt_problem_c36;act_label_orig_opt_problem_c37;act_label_orig_opt_problem_c38;act_label_orig_opt_problem_c39;act_label_orig_opt_problem_c40;act_label_orig_opt_problem_c41;act_label_orig_opt_problem_c42;act_label_orig_opt_problem_c43;act_label_orig_opt_problem_c44;act_label_orig_opt_problem_c45;act_label_orig_opt_problem_c46;act_label_orig_opt_problem_c47;act_label_orig_opt_problem_c48;act_label_orig_opt_problem_c49;act_label_orig_opt_problem_c50;act_label_orig_opt_problem_c51;act_label_orig_opt_problem_c52;act_label_orig_opt_problem_c53;act_label_orig_opt_problem_c54;act_label_orig_opt_problem_c55;act_label_orig_opt_problem_c56;act_label_orig_opt_problem_c57;act_label_orig_opt_problem_c58;act_label_orig_opt_problem_c59;act_label_orig_opt_problem_c60;act_label_orig_opt_problem_c61;act_label_orig_opt_problem_c62;act_label_orig_opt_problem_c63;act_label_orig_opt_problem_c64;act_label_orig_opt_problem_c65;act_label_orig_opt_problem_c66;act_label_orig_opt_problem_c67;act_label_orig_opt_problem_c68;act_label_orig_opt_problem_c69;act_label_orig_opt_problem_c70;act_label_orig_opt_problem_c71;act_label_orig_opt_problem_c72;act_label_orig_opt_problem_c73;act_label_orig_opt_problem_c74;act_label_orig_opt_problem_c75;act_label_orig_opt_problem_c76;act_label_orig_opt_problem_c77;act_label_orig_opt_problem_c78;act_label_orig_opt_problem_c79;act_label_orig_opt_problem_c80;act_label_orig_opt_problem_c81;act_label_orig_opt_problem_c82;act_label_orig_opt_problem_c83;act_label_orig_opt_problem_c84;act_label_orig_opt_problem_c85;act_label_orig_opt_problem_c86;act_label_orig_opt_problem_c87;act_label_orig_opt_problem_c88;act_label_orig_opt_problem_c89;act_label_orig_opt_problem_c90;act_label_orig_opt_problem_c91;act_label_orig_opt_problem_c92;act_label_orig_opt_problem_c93;act_label_orig_opt_problem_c94;act_label_orig_opt_problem_c95;act_label_orig_opt_problem_c96;act_label_orig_opt_problem_c97;act_label_orig_opt_problem_c98;act_label_orig_opt_problem_c99;act_label_orig_opt_problem_c100;act_label_orig_opt_problem_c101;act_label_orig_opt_problem_c102;act_label_orig_opt_problem_c103;act_label_orig_opt_problem_c104;act_label_orig_opt_problem_c105;act_label_orig_opt_problem_c106;act_label_orig_opt_problem_c107;act_label_orig_opt_problem_c108;act_label_orig_opt_problem_c109;act_label_orig_opt_problem_c110;act_label_orig_opt_problem_c111;act_label_orig_opt_problem_c112;act_label_orig_opt_problem_c113;act_label_orig_opt_problem_c114;act_label_orig_opt_problem_c115;act_label_orig_opt_problem_c116;act_label_orig_opt_problem_c117;act_label_orig_opt_problem_c118;act_label_orig_opt_problem_c119;act_label_orig_opt_problem_c120;act_label_orig_opt_problem_c121;act_label_orig_opt_problem_c122;act_label_orig_opt_problem_c123;act_label_orig_opt_problem_c124;act_label_orig_opt_problem_c125;act_label_orig_opt_problem_c126;act_label_orig_opt_problem_c127;act_label_orig_opt_problem_c128;act_label_orig_opt_problem_c129;act_label_orig_opt_problem_c130;act_label_orig_opt_problem_c131;act_label_orig_opt_problem_c132;act_label_orig_opt_problem_c133;act_label_orig_opt_problem_c134;act_label_orig_opt_problem_c135;act_label_orig_opt_problem_c136;act_label_orig_opt_problem_c137;act_label_orig_opt_problem_c138;act_label_orig_opt_problem_c139;act_label_orig_opt_problem_c140;act_label_orig_opt_problem_c141;act_label_orig_opt_problem_c142;act_label_orig_opt_problem_c143;act_label_orig_opt_problem_c144;act_label_orig_opt_problem_c145;act_label_orig_opt_problem_c146;act_label_orig_opt_problem_c147;act_label_orig_opt_problem_c148;act_label_orig_opt_problem_c149;act_label_orig_opt_problem_c150;act_label_orig_opt_problem_c151;act_label_orig_opt_problem_c152;act_label_orig_opt_problem_c153;act_label_orig_opt_problem_c154;act_label_orig_opt_problem_c155;act_label_orig_opt_problem_c156;act_label_orig_opt_problem_c157;act_label_orig_opt_problem_c158;act_label_orig_opt_problem_c159;act_label_orig_opt_problem_c160;act_label_orig_opt_problem_c161;act_label_orig_opt_problem_c162;act_label_orig_opt_problem_c163;act_label_orig_opt_problem_c164;act_label_orig_opt_problem_c165;act_label_orig_opt_problem_c166;act_label_orig_opt_problem_c167;act_label_orig_opt_problem_c168;act_label_orig_opt_problem_c169;act_label_orig_opt_problem_c170;act_label_orig_opt_problem_c171;act_label_orig_opt_problem_c172;act_label_orig_opt_problem_c173;act_label_orig_opt_problem_c174;act_label_orig_opt_problem_c175;act_label_orig_opt_problem_c176;act_label_orig_opt_problem_c177;act_label_orig_opt_problem_c178;act_label_orig_opt_problem_c179;act_label_orig_opt_problem_c180;act_label_orig_opt_problem_c181;act_label_orig_opt_problem_c182;act_label_orig_opt_problem_c183;act_label_orig_opt_problem_c184;act_label_orig_opt_problem_c185;act_label_orig_opt_problem_c186;act_label_orig_opt_problem_c187;act_label_orig_opt_problem_c188;act_label_orig_opt_problem_c189;act_label_orig_opt_problem_c190;act_label_orig_opt_problem_c191;act_label_orig_opt_problem_c192;act_label_orig_opt_problem_c193;act_label_orig_opt_problem_c194;act_label_orig_opt_problem_c195;act_label_orig_opt_problem_c196;act_label_orig_opt_problem_c197;act_label_orig_opt_problem_c198;act_label_orig_opt_problem_c199;act_label_orig_opt_problem_c200;act_label_orig_opt_problem_c201;act_label_orig_opt_problem_c202;act_label_orig_opt_problem_c203;act_label_orig_opt_problem_c204;act_label_orig_opt_problem_c205;act_label_orig_opt_problem_c206;act_label_orig_opt_problem_c207;act_label_orig_opt_problem_c208;act_label_orig_opt_problem_c209;act_label_orig_opt_problem_c210;act_label_orig_opt_problem_c211;act_label_orig_opt_problem_c212;act_label_orig_opt_problem_c213;act_label_orig_opt_problem_c214;act_label_orig_opt_problem_c215;act_label_orig_opt_problem_c216;act_label_orig_opt_problem_c217;act_label_orig_opt_problem_c218;act_label_orig_opt_problem_c219;act_label_orig_opt_problem_c220;act_label_orig_opt_problem_c221;act_label_orig_opt_problem_c222;act_label_orig_opt_problem_c223;act_label_orig_opt_problem_c224;act_label_orig_opt_problem_c225;act_label_orig_opt_problem_c226;act_label_orig_opt_problem_c227;act_label_orig_opt_problem_c228;act_label_orig_opt_problem_c229;act_label_orig_opt_problem_c230;act_label_orig_opt_problem_c231;act_label_orig_opt_problem_c232;act_label_orig_opt_problem_c233;act_label_orig_opt_problem_c234;act_label_orig_opt_problem_c235;act_label_orig_opt_problem_c236;act_label_orig_opt_problem_c237;act_label_orig_opt_problem_c238;act_label_orig_opt_problem_c239;act_label_orig_opt_problem_c240;flag_viol_c1;flag_viol_c2;flag_viol_c3;flag_viol_c4;flag_viol_c5;flag_viol_c6;flag_viol_c7;flag_viol_c8;flag_viol_c9;flag_viol_c10;flag_viol_c11;flag_viol_c12;flag_viol_c13;flag_viol_c14;flag_viol_c15;flag_viol_c16;flag_viol_c17;flag_viol_c18;flag_viol_c19;flag_viol_c20;flag_viol_c21;flag_viol_c22;flag_viol_c23;flag_viol_c24;flag_viol_c25;flag_viol_c26;flag_viol_c27;flag_viol_c28;flag_viol_c29;flag_viol_c30;flag_viol_c31;flag_viol_c32;flag_viol_c33;flag_viol_c34;flag_viol_c35;flag_viol_c36;flag_viol_c37;flag_viol_c38;flag_viol_c39;flag_viol_c40;flag_viol_c41;flag_viol_c42;flag_viol_c43;flag_viol_c44;flag_viol_c45;flag_viol_c46;flag_viol_c47;flag_viol_c48;flag_viol_c49;flag_viol_c50;flag_viol_c51;flag_viol_c52;flag_viol_c53;flag_viol_c54;flag_viol_c55;flag_viol_c56;flag_viol_c57;flag_viol_c58;flag_viol_c59;flag_viol_c60;flag_viol_c61;flag_viol_c62;flag_viol_c63;flag_viol_c64;flag_viol_c65;flag_viol_c66;flag_viol_c67;flag_viol_c68;flag_viol_c69;flag_viol_c70;flag_viol_c71;flag_viol_c72;flag_viol_c73;flag_viol_c74;flag_viol_c75;flag_viol_c76;flag_viol_c77;flag_viol_c78;flag_viol_c79;flag_viol_c80;flag_viol_c81;flag_viol_c82;flag_viol_c83;flag_viol_c84;flag_viol_c85;flag_viol_c86;flag_viol_c87;flag_viol_c88;flag_viol_c89;flag_viol_c90;flag_viol_c91;flag_viol_c92;flag_viol_c93;flag_viol_c94;flag_viol_c95;flag_viol_c96;flag_viol_c97;flag_viol_c98;flag_viol_c99;flag_viol_c100;flag_viol_c101;flag_viol_c102;flag_viol_c103;flag_viol_c104;flag_viol_c105;flag_viol_c106;flag_viol_c107;flag_viol_c108;flag_viol_c109;flag_viol_c110;flag_viol_c111;flag_viol_c112;flag_viol_c113;flag_viol_c114;flag_viol_c115;flag_viol_c116;flag_viol_c117;flag_viol_c118;flag_viol_c119;flag_viol_c120;flag_viol_c121;flag_viol_c122;flag_viol_c123;flag_viol_c124;flag_viol_c125;flag_viol_c126;flag_viol_c127;flag_viol_c128;flag_viol_c129;flag_viol_c130;flag_viol_c131;flag_viol_c132;flag_viol_c133;flag_viol_c134;flag_viol_c135;flag_viol_c136;flag_viol_c137;flag_viol_c138;flag_viol_c139;flag_viol_c140;flag_viol_c141;flag_viol_c142;flag_viol_c143;flag_viol_c144;flag_viol_c145;flag_viol_c146;flag_viol_c147;flag_viol_c148;flag_viol_c149;flag_viol_c150;flag_viol_c151;flag_viol_c152;flag_viol_c153;flag_viol_c154;flag_viol_c155;flag_viol_c156;flag_viol_c157;flag_viol_c158;flag_viol_c159;flag_viol_c160;flag_viol_c161;flag_viol_c162;flag_viol_c163;flag_viol_c164;flag_viol_c165;flag_viol_c166;flag_viol_c167;flag_viol_c168;flag_viol_c169;flag_viol_c170;flag_viol_c171;flag_viol_c172;flag_viol_c173;flag_viol_c174;flag_viol_c175;flag_viol_c176;flag_viol_c177;flag_viol_c178;flag_viol_c179;flag_viol_c180;flag_viol_c181;flag_viol_c182;flag_viol_c183;flag_viol_c184;flag_viol_c185;flag_viol_c186;flag_viol_c187;flag_viol_c188;flag_viol_c189;flag_viol_c190;flag_viol_c191;flag_viol_c192;flag_viol_c193;flag_viol_c194;flag_viol_c195;flag_viol_c196;flag_viol_c197;flag_viol_c198;flag_viol_c199;flag_viol_c200;flag_viol_c201;flag_viol_c202;flag_viol_c203;flag_viol_c204;flag_viol_c205;flag_viol_c206;flag_viol_c207;flag_viol_c208;flag_viol_c209;flag_viol_c210;flag_viol_c211;flag_viol_c212;flag_viol_c213;flag_viol_c214;flag_viol_c215;flag_viol_c216;flag_viol_c217;flag_viol_c218;flag_viol_c219;flag_viol_c220;flag_viol_c221;flag_viol_c222;flag_viol_c223;flag_viol_c224;flag_viol_c225;flag_viol_c226;flag_viol_c227;flag_viol_c228;flag_viol_c229;flag_viol_c230;flag_viol_c231;flag_viol_c232;flag_viol_c233;flag_viol_c234;flag_viol_c235;flag_viol_c236;flag_viol_c237;flag_viol_c238;flag_viol_c239;flag_viol_c240;CG time;CG time solve model;CG counter;# constraints last UC;obj value last UC;user time last UC;elapsed time last UC
2700;77.7;69.5;128.8;53.2;51.1;98.1;90.0;122.7;124.7;139.0;0;0;190.1;139.0;226.9;71.6;0;239.2;130.8;92.0;0;0;0;0;77.7;69.5;128.8;53.2;51.1;98.1;90.0;122.7;124.7;139.0;0;0;190.1;139.0;226.9;71.6;0;239.2;130.8;92.0;0;0;0;0;77.7;69.5;128.8;53.2;51.1;98.1;90.0;122.7;124.7;139.0;0;0;190.1;139.0;226.9;71.6;0;239.2;130.8;92.0;0;0;0;0;0;0;202.0556541;0;0;0;0;0;0;0;0;0;0;0;165.5517811;0;374.03687379999997;313.83867369999996;175.2929429;358.408268;436.6719533;161.3933396;0;171.8932921;0;0;276.5501372;0;0;0;0;0;0;0;0;0;231.82888219999998;189.51646350000001;0;0;0;0;0;108.671051;382.33951210000004;0;0;382.6241668;0;125.5428518;0;0;0;0;183.9436322;0;0;77.74308133;0;0;0;0;0;0;0;0;0;0;0;0;0;0;0;0;1;-1;-1;-1;-1;-1;1;-1;-1;-1;-1;1;-1;-1;-1;-1;-1;-1;1;-1;-1;1;1;1;-1;-1;-1;1;-1;-1;-1;-1;-1;-1;-1;-1;-1;-1;1;-1;-1;-1;-1;-1;-1;-1;-1;-1;1;1;-1;-1;-1;-1;1;-1;-1;-1;-1;-1;-1;-1;-1;-1;-1;1;-1;-1;-1;-1;-1;-1;-1;-1;-1;-1;-1;-1;-1;-1;-1;-1;-1;-1;-1;-1;1;1;-1;-1;-1;-1;-1;-1;-1;-1;-1;-1;-1;-1;-1;-1;1;-1;-1;-1;-1;-1;-1;-1;-1;-1;-1;-1;-1;-1;-1;-1;-1;-1;-1;-1;-1;-1;-1;-1;-1;-1;-1;-1;-1;-1;-1;-1;-1;-1;-1;-1;-1;-1;-1;-1;-1;-1;-1;-1;-1;-1;-1;-1;-1;-1;-1;-1;-1;-1;-1;-1;-1;-1;-1;-1;-1;-1;-1;-1;-1;-1;-1;-1;-1;-1;-1;-1;-1;-1;-1;-1;-1;-1;-1;-1;-1;-1;-1;-1;-1;-1;-1;-1;-1;-1;-1;-1;-1;-1;-1;-1;-1;-1;-1;-1;-1;-1;-1;-1;-1;-1;-1;-1;-1;-1;-1;-1;-1;-1;-1;-1;-1;-1;-1;-1;-1;-1;-1;-1;-1;-1;-1;-1;-1;-1;-1;-1;-1;-1;1;-1;1;-1;False;False;False;False;False;False;False;False;False;False;False;False;False;False;False;False;False;False;False;False;False;False;False;False;False;False;False;False;False;False;False;False;False;False;False;False;False;False;False;False;False;False;False;False;False;False;False;False;False;False;False;False;False;False;False;False;False;False;False;False;False;False;False;False;False;False;False;False;False;False;False;False;False;False;False;False;False;False;False;False;False;False;False;False;False;False;False;False;False;False;False;False;False;False;False;False;False;False;False;False;False;False;False;False;False;False;False;False;False;False;False;False;False;False;False;False;False;False;False;False;False;False;False;False;False;False;False;False;False;False;False;False;False;False;False;False;False;False;False;False;False;False;False;False;False;False;False;False;False;False;False;False;False;False;False;False;False;False;False;False;False;False;False;False;False;False;False;False;False;False;False;False;False;False;False;False;False;False;False;False;False;False;False;False;False;False;False;False;False;False;False;False;False;False;False;False;False;False;False;False;False;False;False;False;False;False;False;False;False;False;False;False;False;False;False;False;False;False;False;False;False;False;False;False;False;False;False;False;False;False;False;False;False;False;False;False;False;False;False;False;0;0;0;18;21264.840071038336;0.04;0.20017552375793457
2701;76.9;68.8;127.4;52.6;50.6;97.1;89.0;121.3;123.4;137.5;0;0;188.1;137.5;224.5;70.8;0;236.6;129.4;91.0;0;0;0;0;76.9;68.8;127.4;52.6;50.6;97.1;89.0;121.3;123.4;137.5;0;0;188.1;137.5;224.5;70.8;0;236.6;129.4;91.0;0;0;0;0;76.9;68.8;127.4;52.6;50.6;97.1;89.0;121.3;123.4;137.5;0;0;188.1;137.5;224.5;70.8;0;236.6;129.4;91.0;0;0;0;0;0;0;167.3577086;0;0;0;0;0;0;0;0;0;0;0;168.79005659999999;0;314.9755964;242.8446762;134.67943480000002;310.568281;379.15601780000003;135.4474004;0;158.2504504;0;0;254.72310890000003;0;0;0;0;0;0;0;0;0;212.4286857;168.49553909999997;0;0;0;0;0;102.79188979999999;363.26980489999994;0;0;351.0545071;0;117.08075320000002;0;0;0;0;171.2325304;0;0;75.40436233;0;0;0;0;0;0;0;0;0;0;0;0;0;0;0;0;1;-1;-1;-1;-1;-1;1;-1;-1;1;-1;1;-1;-1;-1;-1;-1;-1;1;-1;-1;-1;1;1;-1;-1;-1;-1;-1;-1;-1;-1;-1;-1;-1;-1;-1;-1;1;-1;-1;-1;-1;-1;-1;-1;-1;-1;1;1;-1;-1;-1;-1;1;-1;-1;-1;-1;-1;-1;-1;-1;-1;1;1;-1;-1;-1;-1;-1;-1;-1;-1;-1;-1;-1;-1;-1;-1;-1;-1;-1;-1;-1;-1;1;1;-1;-1;-1;-1;-1;-1;-1;-1;-1;-1;-1;-1;-1;-1;1;-1;-1;-1;-1;-1;-1;-1;-1;-1;-1;-1;-1;-1;-1;-1;-1;-1;-1;-1;-1;-1;-1;-1;-1;-1;-1;-1;-1;-1;-1;-1;-1;-1;-1;-1;-1;-1;-1;-1;-1;-1;-1;-1;-1;-1;-1;-1;-1;-1;-1;-1;-1;-1;-1;-1;-1;-1;-1;-1;-1;-1;-1;-1;-1;-1;-1;-1;-1;-1;-1;-1;-1;-1;-1;-1;-1;-1;-1;-1;-1;-1;-1;-1;-1;-1;-1;-1;-1;-1;-1;-1;-1;-1;-1;-1;-1;-1;-1;-1;-1;-1;-1;-1;-1;-1;-1;-1;-1;-1;-1;-1;-1;-1;-1;-1;-1;-1;-1;-1;-1;-1;-1;-1;-1;-1;-1;-1;-1;-1;-1;-1;-1;-1;-1;-1;1;-1;False;False;False;False;False;False;False;False;False;False;False;False;False;False;False;False;False;False;False;False;False;False;False;False;False;False;False;False;False;False;False;False;False;False;False;False;False;False;False;False;False;False;False;False;False;False;False;False;True;False;False;False;False;False;False;False;False;False;False;False;False;False;False;False;False;False;False;False;False;False;False;False;False;False;False;False;False;False;False;False;False;False;False;False;False;False;True;False;False;False;False;False;False;False;False;False;False;False;False;False;False;False;False;False;False;False;False;False;False;False;False;False;False;False;False;False;False;False;False;False;False;False;False;False;False;False;False;False;False;False;False;False;False;False;False;False;False;False;False;False;False;False;False;False;False;False;False;False;False;False;False;False;False;False;False;False;False;False;False;False;False;False;False;False;False;False;False;False;False;False;False;False;False;False;False;False;False;False;False;False;False;False;False;False;False;False;False;False;False;False;False;False;False;False;False;False;False;False;False;False;False;False;False;False;False;False;False;False;False;False;False;False;False;False;False;False;False;False;False;False;False;False;False;False;False;False;False;False;False;False;False;False;False;False;False;False;False;False;False;False;1.2923781871795654;0.06;2;17;23235.837655748775;0.03;0.2762889862060547
2702;75.2;67.3;124.6;51.4;49.5;95.0;87.1;118.7;120.7;134.5;0;0;184.0;134.5;219.6;69.2;0;231.5;126.6;89.0;0;0;0;0;75.2;67.3;124.6;51.4;49.5;95.0;87.1;118.7;120.7;134.5;0;0;184.0;134.5;219.6;69.2;0;231.5;126.6;89.0;0;0;0;0;75.2;67.3;124.6;51.4;49.5;95.0;87.1;118.7;120.7;134.5;0;0;184.0;134.5;219.6;69.2;0;231.5;126.6;89.0;0;0;0;0;0;0;150.87046809999995;0;0;0;0;0;0;0;0;0;0;0;147.16928090000005;0;250.6741858;186.41471950000002;97.41994218;263.7731907;358.7290693;105.98350149999999;0;153.8739081;0;0;242.36322880000003;0;0;0;0;0;0;0;0;0;196.5941966;161.9700977;0;0;0;0;0;94.18504393;364.4289872;0;0;321.1937093;0;108.87032169999999;0;0;0;0;164.4407521;0;0;72.02620375;0;0;0;0;0;0;0;0;0;0;0;0;0;0;0;0;1;-1;-1;-1;-1;-1;1;-1;-1;-1;-1;1;-1;-1;-1;-1;-1;-1;1;-1;-1;-1;1;1;-1;-1;-1;-1;-1;-1;-1;-1;-1;-1;-1;-1;-1;-1;1;-1;-1;-1;-1;-1;-1;-1;-1;-1;-1;1;-1;-1;-1;-1;1;-1;-1;-1;-1;-1;-1;-1;-1;-1;1;1;-1;-1;-1;-1;-1;-1;-1;-1;-1;-1;-1;-1;-1;-1;-1;-1;-1;-1;-1;-1;-1;1;-1;-1;-1;-1;-1;-1;-1;-1;-1;-1;-1;-1;-1;-1;1;-1;-1;-1;-1;-1;-1;-1;-1;-1;-1;-1;-1;-1;-1;-1;-1;-1;-1;-1;-1;-1;-1;-1;-1;-1;-1;-1;-1;-1;-1;-1;-1;-1;-1;-1;-1;-1;-1;-1;-1;-1;-1;-1;-1;-1;-1;-1;-1;-1;-1;-1;-1;-1;-1;-1;-1;-1;-1;-1;-1;-1;-1;-1;-1;-1;-1;-1;-1;-1;-1;-1;-1;-1;-1;-1;-1;-1;-1;-1;-1;-1;-1;-1;-1;-1;-1;-1;-1;-1;-1;-1;-1;-1;-1;-1;-1;-1;-1;-1;-1;-1;-1;-1;-1;-1;-1;-1;-1;-1;-1;-1;-1;-1;-1;-1;-1;-1;-1;-1;-1;-1;-1;-1;-1;-1;-1;-1;-1;-1;-1;-1;-1;-1;-1;-1;1;-1;False;False;False;False;False;False;False;False;False;False;False;False;False;False;False;False;False;False;False;False;False;False;False;False;False;False;False;False;False;False;False;False;False;False;False;False;False;False;False;False;False;False;False;False;False;False;False;False;False;False;False;False;False;False;False;False;False;False;False;False;False;False;False;False;False;False;False;False;False;False;False;False;False;False;False;False;False;False;False;False;False;False;False;False;False;False;False;False;False;False;False;False;False;False;False;False;False;False;False;False;False;False;False;False;False;False;False;False;False;False;False;False;False;False;False;False;False;False;False;False;False;False;False;False;False;False;False;False;False;False;False;False;False;False;False;False;False;False;False;False;False;False;False;False;False;False;False;False;False;False;False;False;False;False;False;False;False;False;False;False;False;False;False;False;False;False;False;False;False;False;False;False;False;False;False;False;False;False;False;False;False;False;False;False;False;False;False;False;False;False;False;False;False;False;False;False;False;False;False;False;False;False;False;False;False;False;False;False;False;False;False;False;False;False;False;False;False;False;False;False;False;False;False;False;False;False;False;False;False;False;False;False;False;False;False;False;False;False;False;False;0;0;0;14;24731.573025051006;0.03;0.23871064186096191
2703;73.5;65.8;121.9;50.3;48.4;92.9;85.1;116.1;118.0;131.5;0;0;179.9;131.5;214.7;67.7;0;226.3;123.8;87.1;0;0;0;0;73.5;65.8;121.9;50.3;48.4;92.9;85.1;116.1;118.0;131.5;0;0;179.9;131.5;214.7;67.7;0;226.3;123.8;87.1;0;0;0;0;73.5;65.8;121.9;50.3;48.4;92.9;85.1;116.1;118.0;131.5;0;0;179.9;131.5;214.7;67.7;0;226.3;123.8;87.1;0;0;0;0;0;0;148.6532621;0;0;0;0;0;0;0;0;0;0;0;141.97324640000005;0;225.56663019999996;168.6702186;81.30571596;245.64564900000002;337.5266488;93.24728359;0;154.71039340000004;0;0;251.01073390000002;0;0;0;0;0;0;0;0;0;189.1601063;168.2254358;0;0;0;0;0;81.54735876;360.5206745;0;0;304.3869786;0;99.08325014;0;0;0;0;162.4017594;0;0;75.42348468;0;0;0;0;0;0;0;0;0;0;0;0;0;0;0;0;1;-1;-1;-1;-1;-1;1;-1;-1;-1;-1;1;-1;-1;-1;-1;-1;-1;1;-1;-1;-1;1;1;-1;-1;1;-1;-1;-1;-1;-1;-1;-1;-1;-1;-1;-1;1;-1;-1;-1;-1;-1;-1;-1;-1;-1;-1;1;-1;-1;-1;-1;1;-1;-1;-1;-1;-1;-1;-1;-1;-1;1;1;-1;-1;-1;-1;-1;-1;-1;-1;-1;-1;-1;-1;-1;-1;-1;-1;-1;-1;-1;-1;-1;1;-1;-1;-1;-1;-1;-1;-1;-1;-1;-1;-1;-1;-1;-1;1;-1;-1;-1;-1;-1;-1;-1;-1;-1;-1;-1;-1;-1;-1;-1;-1;-1;-1;-1;-1;-1;-1;-1;-1;-1;-1;-1;-1;-1;-1;-1;-1;-1;-1;-1;-1;-1;-1;-1;-1;-1;-1;-1;-1;-1;-1;-1;-1;-1;-1;-1;-1;-1;-1;-1;-1;-1;-1;-1;-1;-1;-1;-1;-1;-1;-1;-1;-1;-1;-1;-1;-1;-1;-1;-1;-1;-1;-1;-1;-1;-1;-1;-1;-1;-1;-1;-1;-1;-1;-1;-1;-1;-1;-1;-1;-1;-1;-1;-1;-1;-1;-1;-1;-1;-1;-1;-1;-1;-1;-1;-1;-1;-1;-1;-1;-1;-1;-1;-1;-1;-1;-1;-1;-1;-1;-1;-1;-1;-1;-1;-1;-1;-1;-1;-1;1;-1;False;False;False;False;False;False;False;False;False;False;False;False;False;False;False;False;False;False;False;False;False;False;False;False;False;False;False;False;False;False;False;False;False;False;False;False;False;False;False;False;False;False;False;False;False;False;False;False;False;False;False;False;False;False;False;False;False;False;False;False;False;False;False;False;False;False;False;False;False;False;False;False;False;False;False;False;False;False;False;False;False;False;False;False;False;False;False;False;False;False;False;False;False;False;False;False;False;False;False;False;False;False;False;False;False;False;False;False;False;False;False;False;False;False;False;False;False;False;False;False;False;False;False;False;False;False;False;False;False;False;False;False;False;False;False;False;False;False;False;False;False;False;False;False;False;False;False;False;False;False;False;False;False;False;False;False;False;False;False;False;False;False;False;False;False;False;False;False;False;False;False;False;False;False;False;False;False;False;False;False;False;False;False;False;False;False;False;False;False;False;False;False;False;False;False;False;False;False;False;False;False;False;False;False;False;False;False;False;False;False;False;False;False;False;False;False;False;False;False;False;False;False;False;False;False;False;False;False;False;False;False;False;False;False;False;False;False;False;False;False;0;0;0;15;24596.955747863318;0.05;0.17079925537109375
2704;75.2;67.3;124.6;51.4;49.5;95.0;87.1;118.7;120.7;134.5;0;0;184.0;134.5;219.6;69.2;0;231.5;126.6;89.0;0;0;0;0;75.2;67.3;124.6;51.4;49.5;95.0;87.1;118.7;120.7;134.5;0;0;184.0;134.5;219.6;69.2;0;231.5;126.6;89.0;0;0;0;0;75.2;67.3;124.6;51.4;49.5;95.0;87.1;118.7;120.7;134.5;0;0;184.0;134.5;219.6;69.2;0;231.5;126.6;89.0;0;0;0;0;0;0;150.3273716;0;0;0;0;0;0;0;0;0;0;0;159.01150780000003;0;232.26771150000002;197.78391409999998;76.14496252;265.8975607;345.90593839999997;91.43114091;0;162.388856;0;0;253.6639277;0;0;0;0;0;0;0;0;0;195.67954719999997;184.84704969999999;0;0;0;0;0;79.62418102;376.636723;0;0;315.2001566;0;94.42657739;0;0;0;0;157.4538026;0;0;83.27138752;0;0;0;0;0;0;0;0;0;0;0;0;0;0;0;0;1;-1;-1;-1;-1;-1;1;-1;-1;-1;-1;1;-1;-1;-1;-1;-1;-1;1;-1;-1;-1;1;1;-1;-1;-1;-1;-1;-1;-1;-1;-1;-1;-1;-1;-1;-1;1;-1;-1;-1;-1;-1;-1;-1;-1;-1;-1;1;-1;-1;-1;-1;1;-1;-1;-1;-1;-1;-1;-1;-1;-1;1;1;-1;-1;-1;-1;-1;-1;-1;-1;-1;-1;-1;-1;-1;-1;-1;-1;-1;-1;-1;-1;-1;1;-1;-1;-1;-1;-1;-1;-1;-1;-1;-1;-1;-1;-1;-1;1;-1;-1;-1;-1;-1;-1;-1;-1;-1;-1;-1;-1;-1;-1;-1;-1;-1;-1;-1;-1;-1;-1;-1;-1;-1;-1;-1;-1;-1;-1;-1;-1;-1;-1;-1;-1;-1;-1;-1;-1;-1;-1;-1;-1;-1;-1;-1;-1;-1;-1;-1;-1;-1;-1;-1;-1;-1;-1;-1;-1;-1;-1;-1;-1;-1;-1;-1;-1;-1;-1;-1;-1;-1;-1;-1;-1;-1;-1;-1;-1;-1;-1;-1;-1;-1;-1;-1;-1;-1;-1;-1;-1;-1;-1;-1;-1;-1;-1;-1;-1;-1;-1;-1;-1;-1;-1;-1;-1;-1;-1;-1;-1;-1;-1;-1;-1;-1;-1;-1;-1;-1;-1;-1;-1;-1;-1;-1;-1;-1;-1;-1;-1;-1;-1;-1;1;-1;False;False;False;False;False;False;False;False;False;False;False;False;False;False;False;False;False;False;False;False;False;False;False;False;False;False;False;False;False;False;False;False;False;False;False;False;False;False;False;False;False;False;False;False;False;False;False;False;False;False;False;False;False;False;False;False;False;False;False;False;False;False;False;False;False;False;False;False;False;False;False;False;False;False;False;False;False;False;False;False;False;False;False;False;False;False;False;False;False;False;False;False;False;False;False;False;False;False;False;False;False;False;False;False;False;False;False;False;False;False;False;False;False;False;False;False;False;False;False;False;False;False;False;False;False;False;False;False;False;False;False;False;False;False;False;False;False;False;False;False;False;False;False;False;False;False;False;False;False;False;False;False;False;False;False;False;False;False;False;False;False;False;False;False;False;False;False;False;False;False;False;False;False;False;False;False;False;False;False;False;False;False;False;False;False;False;False;False;False;False;False;False;False;False;False;False;False;False;False;False;False;False;False;False;False;False;False;False;False;False;False;False;False;False;False;False;False;False;False;False;False;False;False;False;False;False;False;False;False;False;False;False;False;False;False;False;False;False;False;False;0;0;0;14;25057.04547120424;0.02;0.29260706901550293
2705;76.9;68.8;127.4;52.6;50.6;97.1;89.0;121.3;123.4;137.5;0;0;188.1;137.5;224.5;70.8;0;236.6;129.4;91.0;0;0;0;0;76.9;68.8;127.4;52.6;50.6;97.1;89.0;121.3;123.4;137.5;0;0;188.1;137.5;224.5;70.8;0;236.6;129.4;91.0;0;0;0;0;76.9;68.8;127.4;52.6;50.6;97.1;89.0;121.3;123.4;137.5;0;0;188.1;137.5;224.5;70.8;0;236.6;129.4;91.0;0;0;0;0;0;0;162.0438706;0;0;0;0;0;0;0;0;0;0;0;174.91351519999995;0;247.2221129;222.2260305;74.80638877;284.3092514;340.0374335;96.79730238;0;166.7709298;0;0;252.84352400000003;0;0;0;0;0;0;0;0;0;201.30815149999998;192.6631533;0;0;0;0;0;81.21705018;385.35551180000004;0;0;316.0924131999999;0;94.24096625;0;0;0;0;170.3915659;0;0;86.45132687;0;0;0;0;0;0;0;0;0;0;0;0;0;0;0;0;1;-1;-1;-1;-1;-1;1;-1;-1;-1;-1;1;-1;-1;-1;-1;-1;-1;1;-1;-1;-1;1;1;-1;-1;-1;-1;-1;-1;-1;-1;-1;-1;-1;-1;-1;-1;1;-1;-1;-1;-1;-1;-1;-1;-1;-1;1;1;-1;-1;-1;-1;1;-1;-1;-1;-1;-1;-1;-1;-1;-1;1;1;-1;-1;-1;-1;-1;-1;-1;-1;-1;-1;-1;-1;-1;-1;-1;-1;-1;-1;-1;-1;1;1;-1;-1;-1;-1;-1;-1;-1;-1;-1;-1;-1;-1;-1;-1;1;-1;-1;-1;-1;-1;-1;-1;-1;-1;-1;-1;-1;-1;-1;-1;-1;-1;-1;-1;-1;-1;-1;-1;-1;-1;-1;-1;-1;-1;-1;-1;-1;-1;-1;-1;-1;-1;-1;-1;-1;-1;-1;-1;-1;-1;-1;-1;-1;-1;-1;-1;-1;-1;-1;-1;-1;-1;-1;-1;-1;-1;-1;-1;-1;-1;-1;-1;-1;-1;-1;-1;-1;-1;-1;-1;-1;-1;-1;-1;-1;-1;-1;-1;-1;-1;-1;-1;-1;-1;-1;-1;-1;-1;-1;-1;-1;-1;-1;-1;-1;-1;-1;-1;-1;-1;-1;-1;-1;-1;-1;-1;-1;-1;-1;-1;-1;-1;-1;-1;-1;-1;-1;-1;-1;-1;-1;-1;-1;-1;-1;-1;-1;-1;-1;-1;1;-1;False;False;False;False;False;False;False;False;False;False;False;False;False;False;False;False;False;False;False;False;False;False;False;False;False;False;False;False;False;False;False;False;False;False;False;False;False;False;False;False;False;False;False;False;False;False;False;False;True;False;False;False;False;False;False;False;False;False;False;False;False;False;False;False;False;False;False;False;False;False;False;False;False;False;False;False;False;False;False;False;False;False;False;False;False;False;True;False;False;False;False;False;False;False;False;False;False;False;False;False;False;False;False;False;False;False;False;False;False;False;False;False;False;False;False;False;False;False;False;False;False;False;False;False;False;False;False;False;False;False;False;False;False;False;False;False;False;False;False;False;False;False;False;False;False;False;False;False;False;False;False;False;False;False;False;False;False;False;False;False;False;False;False;False;False;False;False;False;False;False;False;False;False;False;False;False;False;False;False;False;False;False;False;False;False;False;False;False;False;False;False;False;False;False;False;False;False;False;False;False;False;False;False;False;False;False;False;False;False;False;False;False;False;False;False;False;False;False;False;False;False;False;False;False;False;False;False;False;False;False;False;False;False;False;False;False;False;False;False;False;1.2304465770721436;0.03;2;16;25371.950043664376;0.01;0.16139578819274902
2706;80.2;71.8;133.0;54.9;52.8;101.3;92.9;126.6;128.7;143.5;0;0;196.3;143.5;234.3;73.9;0;246.9;135.1;95.0;0;0;0;0;80.2;71.8;133.0;54.9;52.8;101.3;92.9;126.6;128.7;143.5;0;0;196.3;143.5;234.3;73.9;0;246.9;135.1;95.0;0;0;0;0;80.2;71.8;133.0;54.9;52.8;101.3;92.9;126.6;128.7;143.5;0;0;196.3;143.5;234.3;73.9;0;246.9;135.1;95.0;0;0;0;0;0;0;250.07750750000002;0;0;0;0;0;0;0;0;0;0;0;229.3640869;0;434.8429442;397.0119975;169.07331530000005;443.07733449999995;485.5714665;156.3496342;0;242.2763579;0;0;310.4410325;0;0;0;0;0;0;0;0;0;250.4176042;236.08371409999998;0;0;0;0;0;108.532054;464.27468930000003;0;0;458.1667033;0;117.17771950000001;0;0;0;0;196.3270649;0;0;105.04316909999999;0;0;0;0;0;0;0;0;0;0;0;0;0;0;0;0;1;-1;-1;-1;-1;-1;1;-1;-1;1;-1;1;-1;-1;-1;-1;-1;-1;1;-1;-1;1;1;1;-1;-1;-1;1;-1;-1;-1;-1;-1;-1;-1;-1;-1;-1;1;-1;-1;-1;-1;-1;-1;-1;-1;-1;1;1;-1;-1;-1;-1;1;-1;-1;-1;-1;-1;-1;-1;-1;-1;-1;1;-1;-1;-1;-1;-1;-1;-1;-1;-1;-1;-1;-1;-1;-1;-1;-1;-1;-1;-1;-1;1;1;-1;-1;-1;-1;-1;-1;-1;-1;-1;-1;-1;-1;-1;-1;1;-1;-1;-1;-1;-1;-1;-1;-1;-1;-1;-1;1;-1;-1;-1;-1;-1;-1;-1;-1;-1;-1;-1;-1;-1;-1;-1;-1;-1;-1;-1;-1;-1;-1;-1;-1;-1;-1;-1;-1;-1;-1;-1;-1;-1;-1;-1;-1;-1;1;-1;-1;-1;-1;1;-1;-1;-1;-1;-1;-1;-1;-1;-1;-1;-1;-1;-1;-1;-1;-1;-1;-1;-1;-1;-1;-1;-1;-1;-1;-1;-1;-1;-1;-1;-1;-1;-1;-1;-1;-1;-1;-1;-1;-1;-1;-1;-1;-1;-1;-1;-1;1;-1;-1;-1;-1;-1;-1;-1;-1;-1;-1;-1;-1;-1;-1;-1;-1;-1;-1;-1;-1;-1;-1;-1;-1;-1;-1;-1;-1;-1;-1;1;-1;1;-1;False;False;False;False;False;False;False;False;False;False;False;False;False;False;False;False;False;False;False;False;False;False;False;False;False;False;False;False;False;False;False;False;False;False;False;False;False;False;False;False;False;False;False;False;False;False;False;False;False;False;False;False;False;False;False;False;False;False;False;False;False;False;False;False;False;False;False;False;False;False;False;False;False;False;False;False;False;False;False;False;False;False;False;False;False;False;False;False;False;False;False;False;False;False;False;False;False;False;False;False;False;False;False;False;False;False;False;False;False;False;False;False;False;False;False;False;False;False;False;False;False;False;False;False;False;False;False;False;False;False;False;False;False;False;False;False;False;False;False;False;False;False;False;False;False;False;False;False;False;False;False;False;False;False;False;False;False;False;False;False;False;False;False;False;False;False;False;False;False;False;False;False;False;False;False;False;False;False;False;False;False;False;False;False;False;False;False;False;False;False;False;False;False;False;False;False;False;False;False;False;False;False;False;False;False;False;False;False;False;False;False;False;False;False;False;False;False;False;False;False;False;False;False;False;False;False;False;False;False;False;False;False;False;False;False;False;False;False;False;False;0;0;0;23;21300.132383339394;0.01;0.11554312705993652
2707;81.9;73.2;135.7;56.0;53.9;103.4;94.8;129.3;131.4;146.5;0;0;200.4;146.5;239.1;75.4;0;252.1;137.9;96.9;0;0;0;0;81.9;73.2;135.7;56.0;53.9;103.4;94.8;129.3;131.4;146.5;0;0;200.4;146.5;239.1;75.4;0;252.1;137.9;96.9;0;0;0;0;81.9;73.2;135.7;56.0;53.9;103.4;94.8;129.3;131.4;146.5;0;0;200.4;146.5;239.1;75.4;0;252.1;137.9;96.9;0;0;0;0;0;0;240.16648519999998;0;0;0;0;0;0;0;0;0;0;0;211.5500776;0;351.3375315;303.8361718999999;144.45121540000005;386.3048244;431.71928729999996;137.5764361;0;219.66395469999998;0;0;269.3169412;0;0;0;0;0;0;0;0;0;240.59804019999999;222.43993319999998;0;0;0;0;0;96.84893774;439.1828789;0;0;431.68617869999997;0;107.94060309999999;0;0;0;0;183.5468096;0;0;102.4220595;0;0;0;0;0;0;0;0;0;0;0;0;0;0;0;0;1;-1;-1;-1;-1;-1;1;-1;-1;-1;-1;1;-1;-1;-1;-1;-1;-1;1;-1;-1;1;1;1;-1;-1;-1;1;-1;-1;-1;-1;-1;-1;-1;-1;-1;-1;1;-1;-1;-1;-1;-1;-1;-1;-1;-1;1;1;-1;-1;-1;-1;1;-1;-1;-1;-1;-1;-1;-1;-1;-1;-1;1;-1;-1;-1;-1;-1;-1;-1;-1;-1;-1;-1;-1;-1;-1;-1;-1;-1;-1;-1;-1;1;1;-1;-1;-1;-1;-1;-1;-1;-1;-1;-1;-1;-1;-1;-1;1;-1;-1;-1;-1;-1;-1;-1;-1;-1;-1;-1;-1;-1;-1;-1;-1;-1;-1;-1;-1;-1;-1;-1;-1;-1;-1;-1;-1;-1;-1;-1;-1;-1;-1;-1;-1;-1;-1;-1;-1;-1;-1;-1;-1;-1;-1;-1;-1;-1;-1;-1;-1;-1;-1;-1;-1;-1;-1;-1;-1;-1;-1;-1;-1;-1;-1;-1;-1;-1;-1;-1;-1;-1;-1;-1;-1;-1;-1;-1;-1;-1;-1;-1;-1;-1;-1;-1;-1;-1;-1;-1;-1;-1;-1;-1;-1;-1;-1;-1;-1;-1;-1;1;-1;-1;-1;-1;-1;-1;-1;-1;-1;-1;-1;-1;-1;-1;-1;-1;-1;-1;-1;-1;-1;-1;-1;-1;-1;-1;-1;-1;-1;-1;1;-1;1;-1;False;False;False;False;False;False;False;False;False;False;False;False;False;False;False;False;False;False;False;False;False;False;False;False;False;False;False;False;False;False;False;False;False;False;False;False;False;False;False;False;False;False;False;False;False;False;False;False;True;False;False;False;False;False;False;False;False;False;False;False;False;False;False;False;False;False;False;False;False;False;False;False;False;False;False;False;False;False;False;False;False;False;False;False;False;False;True;False;False;False;False;False;False;False;False;False;False;False;False;False;False;False;False;False;False;False;False;False;False;False;False;False;False;False;False;False;False;False;False;False;False;False;False;False;False;False;False;False;False;False;False;False;False;False;False;False;False;False;False;False;False;False;False;False;False;False;False;False;False;False;False;False;False;False;False;False;False;False;False;False;False;False;False;False;False;False;False;False;False;False;False;False;False;False;False;False;False;False;False;False;False;False;False;False;False;False;False;False;False;False;False;False;False;False;False;False;False;False;False;False;False;False;False;False;False;False;False;False;False;False;False;False;False;False;False;False;False;False;False;False;False;False;False;False;False;False;False;False;False;False;False;False;False;False;False;False;False;False;False;False;1.1678760051727295;0.02;2;19;24169.4687075069;0.02;0.19258403778076172
2708;80.2;71.8;133.0;54.9;52.8;101.3;92.9;126.6;128.7;143.5;0;0;196.3;143.5;234.3;73.9;0;246.9;135.1;95.0;0;0;0;0;80.2;71.8;133.0;54.9;52.8;101.3;92.9;126.6;128.7;143.5;0;0;196.3;143.5;234.3;73.9;0;246.9;135.1;95.0;0;0;0;0;80.2;71.8;133.0;54.9;52.8;101.3;92.9;126.6;128.7;143.5;0;0;196.3;143.5;234.3;73.9;0;246.9;135.1;95.0;0;0;0;0;0;0;231.1960381;0;0;0;0;0;0;0;0;0;0;0;200.0274217;0;305.5497675;262.6781673;127.70110520000001;346.88586210000005;397.7320518;127.0683524;0;208.08696469999998;0;0;268.8871138;0;0;0;0;0;0;0;0;0;236.691256;222.15517889999998;0;0;0;0;0;93.22085557;432.6840527;0;0;413.55422769999996;0;101.6845252;0;0;0;0;179.8175956;0;0;103.5313304;0;0;0;0;0;0;0;0;0;0;0;0;0;0;0;0;1;-1;-1;-1;-1;-1;1;-1;-1;-1;-1;1;-1;-1;-1;-1;-1;-1;1;-1;-1;-1;1;1;-1;-1;-1;1;-1;-1;-1;-1;-1;-1;-1;-1;-1;-1;1;-1;-1;-1;-1;-1;-1;-1;-1;-1;1;1;-1;-1;-1;-1;1;-1;-1;-1;-1;-1;-1;-1;-1;-1;-1;1;-1;-1;-1;-1;-1;-1;-1;-1;-1;-1;-1;-1;-1;-1;-1;-1;-1;-1;-1;-1;1;1;-1;-1;-1;-1;-1;-1;-1;-1;-1;-1;-1;-1;-1;-1;1;-1;-1;-1;-1;-1;-1;-1;-1;-1;-1;-1;1;-1;-1;-1;-1;-1;-1;-1;-1;-1;-1;-1;-1;-1;-1;-1;-1;-1;-1;-1;-1;-1;-1;-1;-1;-1;-1;-1;-1;-1;-1;-1;-1;-1;-1;-1;-1;-1;-1;-1;-1;-1;-1;-1;-1;-1;-1;-1;-1;-1;-1;-1;-1;-1;-1;-1;-1;-1;-1;-1;-1;-1;-1;-1;-1;-1;-1;-1;-1;-1;-1;-1;-1;-1;-1;-1;-1;-1;-1;-1;-1;-1;-1;-1;-1;-1;-1;-1;-1;-1;-1;1;-1;-1;-1;-1;-1;-1;-1;-1;-1;-1;-1;-1;-1;-1;-1;-1;-1;-1;-1;-1;-1;-1;-1;-1;-1;-1;-1;-1;-1;-1;1;-1;1;-1;False;False;False;False;False;False;False;False;False;False;False;False;False;False;False;False;False;False;False;False;False;False;False;False;False;False;False;False;False;False;False;False;False;False;False;False;False;False;False;False;False;False;False;False;False;False;False;False;False;False;False;False;False;False;False;False;False;False;False;False;False;False;False;False;False;False;False;False;False;False;False;False;False;False;False;False;False;False;False;False;False;False;False;False;False;False;False;False;False;False;False;False;False;False;False;False;False;False;False;False;False;False;False;False;False;False;False;False;False;False;False;False;False;False;False;False;False;False;False;False;False;False;False;False;False;False;False;False;False;False;False;False;False;False;False;False;False;False;False;False;False;False;False;False;False;False;False;False;False;False;False;False;False;False;False;False;False;False;False;False;False;False;False;False;False;False;False;False;False;False;False;False;False;False;False;False;False;False;False;False;False;False;False;False;False;False;False;False;False;False;False;False;False;False;False;False;False;False;False;False;False;False;False;False;False;False;False;False;False;False;False;False;False;False;False;False;False;False;False;False;False;False;False;False;False;False;False;False;False;False;False;False;False;False;False;False;False;False;False;False;0;0;0;19;23578.03906415585;0.02;0.14591741561889648
2709;75.2;67.3;124.6;51.4;49.5;95.0;87.1;118.7;120.7;134.5;0;0;184.0;134.5;219.6;69.2;0;231.5;126.6;89.0;0;0;0;0;75.2;67.3;124.6;51.4;49.5;95.0;87.1;118.7;120.7;134.5;0;0;184.0;134.5;219.6;69.2;0;231.5;126.6;89.0;0;0;0;0;75.2;67.3;124.6;51.4;49.5;95.0;87.1;118.7;120.7;134.5;0;0;184.0;134.5;219.6;69.2;0;231.5;126.6;89.0;0;0;0;0;0;0;217.21220879999998;0;0;0;0;0;0;0;0;0;0;0;188.85269230000003;0;276.6547434;216.55151510000002;109.0234831;328.9451778;364.55865930000004;111.09866470000001;0;198.2295531;0;0;260.0228108;0;0;0;0;0;0;0;0;0;233.1575708;216.8701473;0;0;0;0;0;88.39666663;424.42143480000004;0;0;390.14907589999996;0;96.7133905;0;0;0;0;176.6359614;0;0;104.87780729999999;0;0;0;0;0;0;0;0;0;0;0;0;0;0;0;0;1;-1;-1;-1;-1;-1;1;-1;-1;-1;-1;1;-1;-1;-1;-1;-1;-1;1;-1;-1;-1;1;1;-1;-1;-1;-1;-1;-1;-1;-1;-1;-1;-1;-1;-1;-1;1;-1;-1;-1;-1;-1;-1;-1;-1;-1;1;1;-1;-1;-1;-1;1;-1;-1;-1;-1;-1;-1;-1;-1;-1;1;1;-1;-1;-1;-1;-1;-1;-1;-1;-1;-1;-1;-1;-1;-1;-1;-1;-1;-1;-1;-1;1;1;-1;-1;-1;-1;-1;-1;-1;-1;-1;-1;-1;-1;-1;-1;1;-1;-1;-1;-1;-1;-1;-1;-1;-1;-1;-1;-1;-1;-1;-1;-1;-1;-1;-1;-1;-1;-1;-1;-1;-1;-1;-1;-1;-1;-1;-1;-1;-1;-1;-1;-1;-1;-1;-1;-1;-1;-1;-1;-1;-1;-1;-1;-1;-1;-1;-1;-1;-1;-1;-1;-1;-1;-1;-1;-1;-1;-1;-1;-1;-1;-1;-1;-1;-1;-1;-1;-1;-1;-1;-1;-1;-1;-1;-1;-1;-1;-1;-1;-1;-1;-1;-1;-1;-1;-1;-1;-1;-1;-1;-1;-1;-1;-1;-1;-1;-1;-1;1;-1;-1;-1;-1;-1;-1;-1;-1;-1;-1;-1;-1;-1;-1;-1;-1;-1;-1;-1;-1;-1;-1;-1;-1;-1;-1;-1;-1;-1;-1;1;-1;1;-1;False;False;False;False;False;False;False;False;False;False;False;False;False;False;False;False;False;False;False;False;False;False;False;False;False;False;False;False;False;False;False;False;False;False;False;False;False;False;False;False;False;False;False;False;False;False;False;False;False;False;False;False;False;False;False;False;False;False;False;False;False;False;False;False;False;False;False;False;False;False;False;False;False;False;False;False;False;False;False;False;False;False;False;False;False;False;False;False;False;False;False;False;False;False;False;False;False;False;False;False;False;False;False;False;False;False;False;False;False;False;False;False;False;False;False;False;False;False;False;False;False;False;False;False;False;False;False;False;False;False;False;False;False;False;False;False;False;False;False;False;False;False;False;False;False;False;False;False;False;False;False;False;False;False;False;False;False;False;False;False;False;False;False;False;False;False;False;False;False;False;False;False;False;False;False;False;False;False;False;False;False;False;False;False;False;False;False;False;False;False;False;False;False;False;False;False;False;False;False;False;False;False;False;False;False;False;False;False;False;False;False;False;False;False;False;False;False;False;False;False;False;False;False;False;False;False;False;False;False;False;False;False;False;False;False;False;False;False;False;False;0;0;0;18;20754.7044954943;0.05;0.19357585906982422
2710;66.8;59.8;110.8;45.7;44.0;84.4;77.4;105.5;107.3;119.6;0;0;163.6;119.6;195.2;61.6;0;205.8;112.6;79.1;0;0;0;0;66.8;59.8;110.8;45.7;44.0;84.4;77.4;105.5;107.3;119.6;0;0;163.6;119.6;195.2;61.6;0;205.8;112.6;79.1;0;0;0;0;66.8;59.8;110.8;45.7;44.0;84.4;77.4;105.5;107.3;119.6;0;0;163.6;119.6;195.2;61.6;0;205.8;112.6;79.1;0;0;0;0;0;0;193.9134888;0;0;0;0;0;0;0;0;0;0;0;184.5963093;0;240.4553249;200.460418;88.20076951;309.42936210000005;351.18865120000015;95.31193271;0;187.59710859999998;0;0;233.1651005;0;0;0;0;0;0;0;0;0;219.38030550000002;212.78232340000002;0;0;0;0;0;83.76634404;400.6380328;0;0;361.2043433;0;92.46894012;0;0;0;0;179.8064593;0;0;100.0155742;0;0;0;0;0;0;0;0;0;0;0;0;0;0;0;0;1;-1;-1;-1;-1;-1;-1;-1;-1;-1;-1;1;-1;-1;-1;-1;-1;-1;1;-1;-1;-1;-1;1;-1;-1;-1;-1;-1;-1;-1;-1;-1;-1;-1;-1;-1;-1;1;-1;-1;-1;-1;-1;-1;-1;-1;-1;-1;1;-1;-1;-1;-1;1;-1;-1;-1;-1;-1;-1;-1;-1;-1;-1;1;-1;-1;-1;-1;-1;-1;-1;-1;-1;-1;-1;-1;-1;-1;-1;-1;-1;-1;-1;-1;-1;1;-1;-1;-1;-1;-1;-1;-1;-1;-1;-1;-1;-1;-1;-1;1;-1;-1;-1;-1;-1;-1;-1;-1;-1;-1;-1;-1;-1;-1;-1;-1;-1;-1;-1;-1;-1;-1;-1;-1;-1;-1;-1;-1;-1;-1;-1;-1;-1;-1;-1;-1;-1;-1;-1;-1;-1;-1;-1;-1;-1;-1;-1;-1;-1;-1;-1;-1;-1;-1;-1;-1;-1;-1;-1;-1;-1;-1;-1;-1;-1;-1;-1;-1;-1;-1;-1;-1;-1;-1;-1;-1;-1;-1;-1;-1;-1;-1;-1;-1;-1;-1;-1;-1;-1;-1;-1;-1;-1;-1;-1;-1;-1;-1;-1;-1;-1;-1;-1;-1;-1;-1;-1;-1;-1;-1;-1;-1;-1;-1;-1;-1;-1;-1;-1;-1;-1;-1;-1;-1;-1;-1;-1;-1;-1;-1;-1;-1;-1;1;-1;1;-1;False;False;False;False;False;False;False;False;False;False;False;False;False;False;False;False;False;False;False;False;False;False;False;False;False;False;False;False;False;False;False;False;False;False;False;False;False;False;False;False;False;False;False;False;False;False;False;False;False;False;False;False;False;False;False;False;False;False;False;False;False;False;False;False;False;False;False;False;False;False;False;False;False;False;False;False;False;False;False;False;False;False;False;False;False;False;False;False;False;False;False;False;False;False;False;False;False;False;False;False;False;False;False;False;False;False;False;False;False;False;False;False;False;False;False;False;False;False;False;False;False;False;False;False;False;False;False;False;False;False;False;False;False;False;False;False;False;False;False;False;False;False;False;False;False;False;False;False;False;False;False;False;False;False;False;False;False;False;False;False;False;False;False;False;False;False;False;False;False;False;False;False;False;False;False;False;False;False;False;False;False;False;False;False;False;False;False;False;False;False;False;False;False;False;False;False;False;False;False;False;False;False;False;False;False;False;False;False;False;False;False;False;False;False;False;False;False;False;False;False;False;False;False;False;False;False;False;False;False;False;False;False;False;False;False;False;False;False;False;False;0;0;0;12;15510.3001571584;0.04;0.18578529357910156
2711;58.5;52.3;96.9;40.0;38.5;73.9;67.7;92.3;93.9;104.6;0;0;143.1;104.6;170.8;53.9;0;180.0;98.5;69.2;0;0;0;0;58.5;52.3;96.9;40.0;38.5;73.9;67.7;92.3;93.9;104.6;0;0;143.1;104.6;170.8;53.9;0;180.0;98.5;69.2;0;0;0;0;58.5;52.3;96.9;40.0;38.5;73.9;67.7;92.3;93.9;104.6;0;0;143.1;104.6;170.8;53.9;0;180.0;98.5;69.2;0;0;0;0;0;0;162.90661169999996;0;0;0;0;0;0;0;0;0;0;0;176.1355514;0;243.518411;219.7855006;78.78411747;291.7578842;336.8813631;83.71393418;0;171.7088052;0;0;209.6656638;0;0;0;0;0;0;0;0;0;198.95526730000003;202.0039546;0;0;0;0;0;78.47002918;382.3816915;0;0;323.7203525;0;88.52878007;0;0;0;0;166.65705060000005;0;0;92.65603826;0;0;0;0;0;0;0;0;0;0;0;0;0;0;0;0;1;-1;-1;-1;-1;-1;-1;-1;-1;-1;-1;-1;-1;-1;-1;-1;-1;-1;1;-1;-1;-1;-1;1;-1;-1;-1;1;-1;-1;-1;-1;-1;-1;-1;-1;-1;-1;1;-1;-1;-1;-1;-1;-1;-1;-1;-1;-1;1;-1;-1;-1;-1;-1;-1;-1;-1;-1;-1;-1;-1;-1;-1;-1;1;-1;-1;-1;-1;-1;-1;-1;-1;-1;-1;-1;-1;-1;-1;-1;-1;-1;-1;-1;-1;-1;-1;-1;-1;-1;-1;-1;-1;-1;-1;-1;-1;-1;-1;-1;-1;1;-1;-1;-1;-1;-1;-1;-1;-1;-1;-1;-1;-1;-1;-1;-1;-1;-1;-1;-1;-1;-1;-1;-1;-1;-1;-1;-1;-1;-1;-1;-1;-1;-1;-1;-1;-1;-1;-1;-1;-1;-1;-1;-1;-1;-1;-1;-1;-1;-1;-1;-1;-1;-1;-1;-1;-1;-1;-1;-1;-1;-1;-1;-1;-1;-1;-1;-1;-1;-1;-1;-1;-1;-1;-1;-1;-1;-1;-1;-1;-1;-1;-1;-1;-1;-1;-1;-1;-1;-1;-1;-1;-1;-1;-1;-1;-1;-1;-1;-1;-1;-1;-1;1;-1;-1;-1;-1;-1;-1;-1;-1;-1;-1;-1;-1;-1;-1;-1;-1;-1;-1;-1;-1;-1;-1;-1;-1;-1;-1;-1;-1;-1;-1;-1;-1;1;-1;False;False;False;False;False;False;False;False;False;False;False;False;False;False;False;False;False;False;False;False;False;False;False;False;False;False;False;False;False;False;False;False;False;False;False;False;False;False;False;False;False;False;False;False;False;False;False;False;False;False;False;False;False;False;False;False;False;False;False;False;False;False;False;False;False;False;False;False;False;False;False;False;False;False;False;False;False;False;False;False;False;False;False;False;False;False;False;False;False;False;False;False;False;False;False;False;False;False;False;False;False;False;False;False;False;False;False;False;False;False;False;False;False;False;False;False;False;False;False;False;False;False;False;False;False;False;False;False;False;False;False;False;False;False;False;False;False;False;False;False;False;False;False;False;False;False;False;False;False;False;False;False;False;False;False;False;False;False;False;False;False;False;False;False;False;False;False;False;False;False;False;False;False;False;False;False;False;False;False;False;False;False;False;False;False;False;False;False;False;False;False;False;False;False;False;False;False;False;False;False;False;False;False;False;False;False;False;False;False;False;False;False;False;False;False;False;False;False;False;False;False;False;False;False;False;False;False;False;False;False;False;False;False;False;False;False;False;False;False;False;0;0;0;10;9993.809842883471;0.01;0.3327796459197998
2712;56.6;50.6;93.8;38.7;37.2;71.5;65.5;89.4;90.8;101.3;0;0;138.5;101.3;165.3;52.1;0;174.2;95.3;67.0;0;0;0;0;56.6;50.6;93.8;38.7;37.2;71.5;65.5;89.4;90.8;101.3;0;0;138.5;101.3;165.3;52.1;0;174.2;95.3;67.0;0;0;0;0;56.6;50.6;93.8;38.7;37.2;71.5;65.5;89.4;90.8;101.3;0;0;138.5;101.3;165.3;52.1;0;174.2;95.3;67.0;0;0;0;0;0;0;38.80447959;0;0;0;0;0;0;0;0;0;0;0;49.47290665;0;73.95989281;77.68996949999998;21.06140639;107.87738130000001;99.95799103;22.93881015;0;58.51607392;0;0;59.22320033;0;0;0;0;0;0;0;0;0;56.27271131;46.20701945;0;0;0;0;0;19.94960871;107.61495890000002;0;0;119.2567432;0;15.35748117;0;0;0;0;32.37499277;0;0;26.00457666;0;0;0;0;0;0;0;0;0;0;0;0;0;0;0;0;-1;-1;-1;-1;-1;-1;-1;-1;-1;-1;-1;-1;-1;-1;-1;-1;-1;-1;-1;-1;-1;-1;-1;-1;-1;-1;1;-1;-1;-1;-1;-1;-1;-1;-1;-1;-1;-1;-1;-1;-1;-1;-1;-1;-1;-1;-1;-1;-1;1;-1;-1;-1;-1;-1;-1;-1;-1;-1;-1;-1;-1;-1;-1;1;-1;-1;-1;-1;-1;-1;-1;-1;-1;-1;-1;-1;-1;-1;-1;-1;-1;-1;-1;-1;-1;-1;1;-1;-1;-1;-1;-1;-1;-1;-1;-1;-1;-1;-1;-1;-1;1;-1;-1;-1;-1;-1;-1;-1;-1;-1;-1;-1;-1;-1;-1;-1;-1;-1;-1;-1;-1;-1;-1;-1;-1;-1;-1;-1;-1;-1;-1;-1;-1;-1;-1;-1;-1;-1;-1;-1;-1;-1;-1;-1;-1;-1;-1;-1;-1;-1;-1;-1;-1;-1;-1;-1;-1;-1;-1;-1;-1;-1;-1;-1;-1;-1;-1;-1;-1;-1;-1;-1;-1;-1;-1;-1;-1;-1;-1;-1;-1;-1;-1;-1;-1;-1;-1;-1;-1;-1;-1;-1;-1;-1;-1;-1;-1;-1;-1;-1;-1;-1;-1;-1;-1;-1;-1;-1;-1;-1;-1;-1;-1;-1;-1;-1;-1;-1;-1;-1;-1;-1;-1;-1;-1;-1;-1;-1;-1;-1;-1;-1;-1;-1;-1;-1;1;-1;False;False;False;False;False;False;False;False;False;False;False;False;False;False;False;False;False;False;False;False;False;False;False;False;False;False;False;False;False;False;False;False;False;False;False;False;False;False;False;False;False;False;False;False;False;False;False;False;False;False;False;False;False;False;False;False;False;False;False;False;False;False;False;False;False;False;False;False;False;False;False;False;False;False;False;False;False;False;False;False;False;False;False;False;False;False;False;False;False;False;False;False;False;False;False;False;False;False;False;False;False;False;False;False;False;False;False;False;False;False;False;False;False;False;False;False;False;False;False;False;False;False;False;False;False;False;False;False;False;False;False;False;False;False;False;False;False;False;False;False;False;False;False;False;False;False;False;False;False;False;False;False;False;False;False;False;False;False;False;False;False;False;False;False;False;False;False;False;False;False;False;False;False;False;False;False;False;False;False;False;False;False;False;False;False;False;False;False;False;False;False;False;False;False;False;False;False;False;False;False;False;False;False;False;False;False;False;False;False;False;False;False;False;False;False;False;False;False;False;False;False;False;False;False;False;False;False;False;False;False;False;False;False;False;False;False;False;False;False;False;0;0;0;6;36038.801148581064;0.01;0.10377287864685059
2713;55.7;49.8;92.3;38.1;36.6;70.3;64.5;87.9;89.4;99.7;0;0;136.3;99.7;162.7;51.3;0;171.5;93.8;65.9;0;0;0;0;55.7;49.8;92.3;38.1;36.6;70.3;64.5;87.9;89.4;99.7;0;0;136.3;99.7;162.7;51.3;0;171.5;93.8;65.9;0;0;0;0;55.7;49.8;92.3;38.1;36.6;70.3;64.5;87.9;89.4;99.7;0;0;136.3;99.7;162.7;51.3;0;171.5;93.8;65.9;0;0;0;0;0;0;54.82668971;0;0;0;0;0;0;0;0;0;0;0;55.86269538;0;154.8368755;177.07937890000005;44.72026355;159.08077450000005;149.1029739;42.91264775;0;74.79007312;0;0;100.7192628;0;0;0;0;0;0;0;0;0;65.19816301;56.2525215;0;0;0;0;0;29.53624069;113.0941343;0;0;141.6773739;0;22.74647703;0;0;0;0;35.51793861;0;0;28.44595572;0;0;0;0;0;0;0;0;0;0;0;0;0;0;0;0;-1;-1;-1;-1;-1;-1;-1;-1;-1;-1;-1;-1;-1;-1;-1;-1;-1;-1;-1;-1;-1;-1;1;-1;-1;-1;1;-1;-1;-1;-1;-1;-1;-1;-1;-1;-1;-1;-1;-1;-1;-1;-1;-1;-1;-1;-1;-1;-1;1;-1;-1;-1;-1;-1;-1;-1;-1;-1;-1;-1;-1;-1;-1;1;-1;-1;-1;-1;-1;-1;-1;-1;-1;-1;-1;-1;-1;-1;-1;-1;-1;-1;-1;-1;-1;-1;-1;-1;-1;-1;-1;-1;-1;-1;-1;-1;-1;-1;-1;-1;-1;1;-1;-1;-1;-1;-1;-1;-1;-1;-1;-1;-1;-1;-1;-1;-1;-1;-1;-1;-1;-1;-1;-1;-1;-1;-1;-1;-1;-1;-1;-1;-1;-1;-1;-1;-1;-1;-1;-1;-1;-1;-1;-1;-1;-1;-1;-1;-1;-1;-1;-1;-1;-1;-1;-1;-1;-1;-1;-1;-1;-1;-1;-1;-1;-1;-1;-1;-1;-1;-1;-1;-1;-1;-1;-1;-1;-1;-1;-1;-1;-1;-1;-1;-1;-1;-1;-1;-1;-1;-1;-1;-1;-1;-1;-1;-1;-1;-1;-1;-1;-1;-1;-1;-1;-1;-1;-1;-1;-1;-1;-1;-1;-1;-1;-1;-1;-1;-1;-1;-1;-1;-1;-1;-1;-1;-1;-1;-1;-1;-1;-1;-1;-1;-1;-1;-1;1;-1;False;False;False;False;False;False;False;False;False;False;False;False;False;False;False;False;False;False;False;False;False;False;False;False;False;False;False;False;False;False;False;False;False;False;False;False;False;False;False;False;False;False;False;False;False;False;False;False;False;False;False;False;False;False;False;False;False;False;False;False;False;False;False;False;False;False;False;False;False;False;False;False;False;False;False;False;False;False;False;False;False;False;False;False;False;False;False;False;False;False;False;False;False;False;False;False;False;False;False;False;False;False;False;False;False;False;False;False;False;False;False;False;False;False;False;False;False;False;False;False;False;False;False;False;False;False;False;False;False;False;False;False;False;False;False;False;False;False;False;False;False;False;False;False;False;False;False;False;False;False;False;False;False;False;False;False;False;False;False;False;False;False;False;False;False;False;False;False;False;False;False;False;False;False;False;False;False;False;False;False;False;False;False;False;False;False;False;False;False;False;False;False;False;False;False;False;False;False;False;False;False;False;False;False;False;False;False;False;False;False;False;False;False;False;False;False;False;False;False;False;False;False;False;False;False;False;False;False;False;False;False;False;False;False;False;False;False;False;False;False;0;0;0;6;27464.848202567067;0.03;0.3482015132904053
2714;53.9;48.2;89.4;36.9;35.5;68.1;62.4;85.1;86.5;96.4;0;0;131.9;96.4;157.4;49.6;0;165.9;90.8;63.8;0;0;0;0;53.9;48.2;89.4;36.9;35.5;68.1;62.4;85.1;86.5;96.4;0;0;131.9;96.4;157.4;49.6;0;165.9;90.8;63.8;0;0;0;0;53.9;48.2;89.4;36.9;35.5;68.1;62.4;85.1;86.5;96.4;0;0;131.9;96.4;157.4;49.6;0;165.9;90.8;63.8;0;0;0;0;0;0;74.8690598;0;0;0;0;0;0;0;0;0;0;0;70.11669522;0;229.23637259999998;235.7820735;73.24397166;231.1314336;197.357283;71.71129012;0;99.93219643;0;0;102.3174671;0;0;0;0;0;0;0;0;0;68.03304309;64.69139444;0;0;0;0;0;36.41268604;147.3098822;0;0;185.1531547;0;26.68574411;0;0;0;0;46.29870218;0;0;30.66163956;0;0;0;0;0;0;0;0;0;0;0;0;0;0;0;0;-1;-1;-1;-1;-1;-1;-1;-1;-1;-1;-1;-1;-1;-1;-1;-1;-1;-1;-1;-1;-1;-1;1;-1;-1;-1;1;-1;-1;-1;-1;-1;-1;-1;-1;-1;-1;-1;-1;-1;-1;-1;-1;-1;-1;-1;-1;-1;-1;-1;-1;-1;-1;-1;-1;-1;-1;-1;-1;-1;-1;-1;-1;-1;1;-1;-1;-1;-1;-1;-1;-1;-1;-1;-1;-1;-1;-1;-1;-1;-1;-1;-1;-1;-1;-1;-1;-1;-1;-1;-1;-1;-1;-1;-1;-1;-1;-1;-1;-1;-1;-1;1;-1;-1;-1;-1;-1;-1;-1;-1;-1;-1;-1;-1;-1;-1;-1;-1;-1;-1;-1;-1;-1;-1;-1;-1;-1;-1;-1;-1;-1;-1;-1;-1;-1;-1;-1;-1;-1;-1;-1;-1;-1;-1;-1;-1;-1;-1;-1;-1;-1;-1;-1;-1;-1;-1;-1;-1;-1;-1;-1;-1;-1;-1;-1;-1;-1;-1;-1;-1;-1;-1;-1;-1;-1;-1;-1;-1;-1;-1;-1;-1;-1;-1;-1;-1;-1;-1;-1;-1;-1;-1;-1;-1;-1;-1;-1;-1;-1;-1;-1;-1;-1;-1;-1;-1;-1;-1;-1;-1;-1;-1;-1;-1;-1;-1;-1;-1;-1;-1;-1;-1;-1;-1;-1;-1;-1;-1;-1;-1;-1;-1;-1;-1;-1;-1;-1;1;-1;False;False;False;False;False;False;False;False;False;False;False;False;False;False;False;False;False;False;False;False;False;False;False;False;False;False;False;False;False;False;False;False;False;False;False;False;False;False;False;False;False;False;False;False;False;False;False;False;False;False;False;False;False;False;False;False;False;False;False;False;False;False;False;False;False;False;False;False;False;False;False;False;False;False;False;False;False;False;False;False;False;False;False;False;False;False;False;False;False;False;False;False;False;False;False;False;False;False;False;False;False;False;False;False;False;False;False;False;False;False;False;False;False;False;False;False;False;False;False;False;False;False;False;False;False;False;False;False;False;False;False;False;False;False;False;False;False;False;False;False;False;False;False;False;False;False;False;False;False;False;False;False;False;False;False;False;False;False;False;False;False;False;False;False;False;False;False;False;False;False;False;False;False;False;False;False;False;False;False;False;False;False;False;False;False;False;False;False;False;False;False;False;False;False;False;False;False;False;False;False;False;False;False;False;False;False;False;False;False;False;False;False;False;False;False;False;False;False;False;False;False;False;False;False;False;False;False;False;False;False;False;False;False;False;False;False;False;False;False;False;0;0;0;5;20205.693270289197;0.01;0.36080098152160645
2715;52.1;46.6;86.4;35.6;34.3;65.8;60.3;82.3;83.6;93.2;0;0;127.5;93.2;152.2;48.0;0;160.4;87.7;61.7;0;0;0;0;52.1;46.6;86.4;35.6;34.3;65.8;60.3;82.3;83.6;93.2;0;0;127.5;93.2;152.2;48.0;0;160.4;87.7;61.7;0;0;0;0;52.1;46.6;86.4;35.6;34.3;65.8;60.3;82.3;83.6;93.2;0;0;127.5;93.2;152.2;48.0;0;160.4;87.7;61.7;0;0;0;0;0;0;109.887023;0;0;0;0;0;0;0;0;0;0;0;80.34884287;0;257.1908994;273.2548147;85.54867091;266.22495219999996;227.8045643;98.76310051;0;122.6701043;0;0;81.54991291;0;0;0;0;0;0;0;0;0;70.90527822;65.55447417;0;0;0;0;0;38.82614607;153.2218576;0;0;218.34986569999995;0;35.16963995;0;0;0;0;60.12663506;0;0;31.159715600000002;0;0;0;0;0;0;0;0;0;0;0;0;0;0;0;0;-1;-1;-1;-1;-1;-1;-1;-1;-1;-1;-1;-1;-1;-1;-1;-1;-1;-1;-1;-1;-1;-1;1;-1;-1;-1;1;-1;-1;-1;-1;-1;-1;-1;-1;-1;-1;-1;-1;-1;-1;-1;-1;-1;-1;-1;-1;-1;-1;1;-1;-1;-1;-1;-1;-1;-1;-1;-1;-1;-1;-1;-1;-1;1;-1;-1;-1;-1;-1;-1;-1;-1;-1;-1;-1;-1;-1;-1;-1;-1;-1;-1;-1;-1;-1;-1;-1;-1;-1;-1;-1;-1;-1;-1;-1;-1;-1;-1;-1;-1;-1;1;-1;-1;-1;-1;-1;-1;-1;-1;-1;-1;-1;-1;-1;-1;-1;-1;-1;-1;-1;-1;-1;-1;-1;-1;-1;-1;-1;-1;-1;-1;-1;-1;-1;-1;-1;-1;-1;-1;-1;-1;-1;-1;-1;-1;-1;-1;-1;-1;-1;-1;-1;-1;-1;-1;-1;-1;-1;-1;-1;-1;-1;-1;-1;-1;-1;-1;-1;-1;-1;-1;-1;-1;-1;-1;-1;-1;-1;-1;-1;-1;-1;-1;-1;-1;-1;-1;-1;-1;-1;-1;-1;-1;-1;-1;-1;-1;-1;-1;-1;-1;-1;-1;-1;-1;-1;-1;-1;-1;-1;-1;-1;-1;-1;-1;-1;-1;-1;-1;-1;-1;-1;-1;-1;-1;-1;-1;-1;-1;-1;-1;-1;-1;-1;-1;-1;1;-1;False;False;False;False;False;False;False;False;False;False;False;False;False;False;False;False;False;False;False;False;False;False;False;False;False;False;False;False;False;False;False;False;False;False;False;False;False;False;False;False;False;False;False;False;False;False;False;False;False;False;False;False;False;False;False;False;False;False;False;False;False;False;False;False;False;False;False;False;False;False;False;False;False;False;False;False;False;False;False;False;False;False;False;False;False;False;False;False;False;False;False;False;False;False;False;False;False;False;False;False;False;False;False;False;False;False;False;False;False;False;False;False;False;False;False;False;False;False;False;False;False;False;False;False;False;False;False;False;False;False;False;False;False;False;False;False;False;False;False;False;False;False;False;False;False;False;False;False;False;False;False;False;False;False;False;False;False;False;False;False;False;False;False;False;False;False;False;False;False;False;False;False;False;False;False;False;False;False;False;False;False;False;False;False;False;False;False;False;False;False;False;False;False;False;False;False;False;False;False;False;False;False;False;False;False;False;False;False;False;False;False;False;False;False;False;False;False;False;False;False;False;False;False;False;False;False;False;False;False;False;False;False;False;False;False;False;False;False;False;False;0;0;0;6;15896.306140152139;0.01;0.10416626930236816
2716;53.0;47.4;87.9;36.3;34.9;66.9;61.4;83.7;85.1;94.8;0;0;129.7;94.8;154.8;48.8;0;163.2;89.3;62.8;0;0;0;0;53.0;47.4;87.9;36.3;34.9;66.9;61.4;83.7;85.1;94.8;0;0;129.7;94.8;154.8;48.8;0;163.2;89.3;62.8;0;0;0;0;53.0;47.4;87.9;36.3;34.9;66.9;61.4;83.7;85.1;94.8;0;0;129.7;94.8;154.8;48.8;0;163.2;89.3;62.8;0;0;0;0;0;0;127.93407179999998;0;0;0;0;0;0;0;0;0;0;0;82.01326452;0;263.6540365;262.52880319999997;93.75756928;279.61398810000003;224.4974955;100.1111655;0;126.61232749999999;0;0;86.03808007;0;0;0;0;0;0;0;0;0;75.45457282;66.58991167;0;0;0;0;0;45.16963815;147.43470530000005;0;0;224.97621170000002;0;42.33687234;0;0;0;0;62.35524074;0;0;30.97539449;0;0;0;0;0;0;0;0;0;0;0;0;0;0;0;0;-1;-1;-1;-1;-1;-1;-1;-1;-1;-1;-1;-1;-1;-1;-1;-1;-1;-1;-1;-1;-1;-1;1;-1;-1;-1;1;-1;-1;-1;-1;-1;-1;-1;-1;-1;-1;-1;-1;-1;-1;-1;-1;-1;-1;-1;-1;-1;-1;1;-1;-1;-1;-1;-1;-1;-1;-1;-1;-1;-1;-1;-1;-1;1;-1;-1;-1;-1;-1;-1;-1;-1;-1;-1;-1;-1;-1;-1;-1;-1;-1;-1;-1;-1;-1;-1;-1;-1;-1;-1;-1;-1;-1;-1;-1;-1;-1;-1;-1;-1;-1;1;-1;-1;-1;-1;-1;-1;-1;-1;-1;-1;-1;-1;-1;-1;-1;-1;-1;-1;-1;-1;-1;-1;-1;-1;-1;-1;-1;-1;-1;-1;-1;-1;-1;-1;-1;-1;-1;-1;-1;-1;-1;-1;-1;-1;-1;-1;-1;-1;-1;-1;-1;-1;-1;-1;-1;-1;-1;-1;-1;-1;-1;-1;-1;-1;-1;-1;-1;-1;-1;-1;-1;-1;-1;-1;-1;-1;-1;-1;-1;-1;-1;-1;-1;-1;-1;-1;-1;-1;-1;-1;-1;-1;-1;-1;-1;-1;-1;-1;-1;-1;-1;-1;-1;-1;-1;-1;-1;-1;-1;-1;-1;-1;-1;-1;-1;-1;-1;-1;-1;-1;-1;-1;-1;-1;-1;-1;-1;-1;-1;-1;-1;-1;-1;-1;-1;1;-1;False;False;False;False;False;False;False;False;False;False;False;False;False;False;False;False;False;False;False;False;False;False;False;False;False;False;False;False;False;False;False;False;False;False;False;False;False;False;False;False;False;False;False;False;False;False;False;False;False;False;False;False;False;False;False;False;False;False;False;False;False;False;False;False;False;False;False;False;False;False;False;False;False;False;False;False;False;False;False;False;False;False;False;False;False;False;False;False;False;False;False;False;False;False;False;False;False;False;False;False;False;False;False;False;False;False;False;False;False;False;False;False;False;False;False;False;False;False;False;False;False;False;False;False;False;False;False;False;False;False;False;False;False;False;False;False;False;False;False;False;False;False;False;False;False;False;False;False;False;False;False;False;False;False;False;False;False;False;False;False;False;False;False;False;False;False;False;False;False;False;False;False;False;False;False;False;False;False;False;False;False;False;False;False;False;False;False;False;False;False;False;False;False;False;False;False;False;False;False;False;False;False;False;False;False;False;False;False;False;False;False;False;False;False;False;False;False;False;False;False;False;False;False;False;False;False;False;False;False;False;False;False;False;False;False;False;False;False;False;False;0;0;0;6;16062.317530453347;0.02;0.18189597129821777
2717;58.4;52.2;96.8;39.9;38.4;73.8;67.6;92.2;93.7;104.5;0;0;142.9;104.5;170.5;53.8;0;179.8;98.3;69.1;0;0;0;0;58.4;52.2;96.8;39.9;38.4;73.8;67.6;92.2;93.7;104.5;0;0;142.9;104.5;170.5;53.8;0;179.8;98.3;69.1;0;0;0;0;58.4;52.2;96.8;39.9;38.4;73.8;67.6;92.2;93.7;104.5;0;0;142.9;104.5;170.5;53.8;0;179.8;98.3;69.1;0;0;0;0;0;0;116.7647356;0;0;0;0;0;0;0;0;0;0;0;81.89702416;0;247.3190174;243.22362200000003;96.75147033;247.8884338;221.7031321;96.99434944;0;115.03888719999999;0;0;115.6255953;0;0;0;0;0;0;0;0;0;85.15739992;61.10659939999999;0;0;0;0;0;46.63394183;142.2411045;0;0;215.3567746;0;44.94771832;0;0;0;0;68.53144674;0;0;31.413119199999997;0;0;0;0;0;0;0;0;0;0;0;0;0;0;0;0;-1;-1;-1;-1;-1;-1;-1;-1;-1;-1;-1;-1;-1;-1;-1;-1;-1;-1;-1;-1;-1;-1;1;-1;-1;-1;1;-1;-1;-1;-1;-1;-1;-1;-1;-1;-1;-1;-1;-1;-1;-1;-1;-1;-1;-1;-1;-1;-1;1;-1;-1;-1;-1;-1;-1;-1;-1;-1;-1;-1;-1;-1;-1;1;-1;-1;-1;-1;-1;-1;-1;-1;-1;-1;-1;-1;-1;-1;-1;-1;-1;-1;-1;-1;-1;-1;-1;-1;-1;-1;-1;-1;-1;-1;-1;-1;-1;-1;-1;-1;-1;1;-1;-1;-1;-1;-1;-1;-1;-1;-1;-1;-1;-1;-1;-1;-1;-1;-1;-1;-1;-1;-1;-1;-1;-1;-1;-1;-1;-1;-1;-1;-1;-1;-1;-1;-1;-1;-1;-1;-1;-1;-1;-1;-1;-1;-1;-1;-1;-1;-1;-1;-1;-1;-1;-1;-1;-1;-1;-1;-1;-1;-1;-1;-1;-1;-1;-1;-1;-1;-1;-1;-1;-1;-1;-1;-1;-1;-1;-1;-1;-1;-1;-1;-1;-1;-1;-1;-1;-1;-1;-1;-1;-1;-1;-1;-1;-1;-1;-1;-1;-1;-1;-1;-1;-1;-1;-1;-1;-1;-1;-1;-1;-1;-1;-1;-1;-1;-1;-1;-1;-1;-1;-1;-1;-1;-1;-1;-1;-1;-1;-1;-1;-1;-1;-1;-1;1;-1;False;False;False;False;False;False;False;False;False;False;False;False;False;False;False;False;False;False;False;False;False;False;False;False;False;False;False;False;False;False;False;False;False;False;False;False;False;False;False;False;False;False;False;False;False;False;False;False;False;False;False;False;False;False;False;False;False;False;False;False;False;False;False;False;False;False;False;False;False;False;False;False;False;False;False;False;False;False;False;False;False;False;False;False;False;False;False;False;False;False;False;False;False;False;False;False;False;False;False;False;False;False;False;False;False;False;False;False;False;False;False;False;False;False;False;False;False;False;False;False;False;False;False;False;False;False;False;False;False;False;False;False;False;False;False;False;False;False;False;False;False;False;False;False;False;False;False;False;False;False;False;False;False;False;False;False;False;False;False;False;False;False;False;False;False;False;False;False;False;False;False;False;False;False;False;False;False;False;False;False;False;False;False;False;False;False;False;False;False;False;False;False;False;False;False;False;False;False;False;False;False;False;False;False;False;False;False;False;False;False;False;False;False;False;False;False;False;False;False;False;False;False;False;False;False;False;False;False;False;False;False;False;False;False;False;False;False;False;False;False;0;0;0;6;21925.748769233247;0.05;0.19681978225708008
2718;64.7;57.9;107.2;44.3;42.5;81.7;74.9;102.1;103.8;115.7;0;0;158.3;115.7;188.9;59.6;0;199.1;108.9;76.6;0;0;0;0;64.7;57.9;107.2;44.3;42.5;81.7;74.9;102.1;103.8;115.7;0;0;158.3;115.7;188.9;59.6;0;199.1;108.9;76.6;0;0;0;0;64.7;57.9;107.2;44.3;42.5;81.7;74.9;102.1;103.8;115.7;0;0;158.3;115.7;188.9;59.6;0;199.1;108.9;76.6;0;0;0;0;0;0;67.27547745;0;0;0;0;0;0;0;0;0;0;0;100.27654179999999;0;99.13870565;137.20642180000002;39.74539073;128.7845154;114.58007579999999;54.23865465;0;63.16835721;0;0;117.6898885;0;0;0;0;0;0;0;0;0;93.71066691;50.68671955;0;0;0;0;0;29.88681439;188.2422824;0;0;89.16251117;0;42.80893407;0;0;0;0;74.78293806;0;0;45.73484631;0;0;0;0;0;0;0;0;0;0;0;0;0;0;0;0;-1;-1;-1;-1;-1;-1;-1;-1;-1;-1;-1;-1;-1;-1;-1;-1;-1;-1;-1;-1;-1;-1;-1;-1;-1;-1;1;-1;-1;-1;-1;-1;-1;-1;-1;-1;-1;-1;-1;-1;-1;-1;-1;-1;-1;-1;-1;1;-1;1;-1;-1;-1;-1;-1;1;-1;-1;-1;-1;-1;-1;-1;-1;1;-1;-1;-1;-1;-1;-1;-1;-1;-1;-1;-1;-1;-1;-1;-1;-1;-1;-1;-1;-1;-1;-1;1;-1;-1;-1;-1;-1;-1;-1;-1;-1;-1;-1;-1;-1;-1;1;-1;-1;-1;-1;-1;-1;-1;-1;-1;-1;-1;-1;-1;-1;-1;-1;-1;-1;-1;-1;-1;-1;-1;-1;-1;-1;-1;-1;-1;-1;-1;-1;-1;-1;-1;-1;-1;-1;-1;-1;-1;-1;-1;-1;-1;-1;-1;-1;-1;-1;-1;-1;-1;-1;-1;-1;-1;-1;-1;-1;-1;-1;-1;-1;-1;-1;-1;-1;-1;-1;-1;-1;-1;-1;-1;-1;-1;-1;-1;-1;-1;-1;-1;-1;-1;-1;-1;-1;-1;-1;-1;-1;-1;-1;-1;-1;-1;-1;-1;-1;-1;-1;-1;-1;-1;-1;-1;-1;-1;-1;-1;-1;-1;-1;-1;-1;-1;-1;-1;-1;-1;-1;-1;-1;-1;-1;-1;-1;-1;-1;-1;-1;-1;-1;-1;1;-1;False;False;False;False;False;False;False;False;False;False;False;False;False;False;False;False;False;False;False;False;False;False;False;False;False;False;False;False;False;False;False;False;False;False;False;False;False;False;False;False;False;False;False;False;False;False;False;False;False;False;False;False;False;False;False;False;False;False;False;False;False;False;False;False;False;False;False;False;False;False;False;False;False;False;False;False;False;False;False;False;False;False;False;False;False;False;False;False;False;False;False;False;False;False;False;False;False;False;False;False;False;False;False;False;False;False;False;False;False;False;False;False;False;False;False;False;False;False;False;False;False;False;False;False;False;False;False;False;False;False;False;False;False;False;False;False;False;False;False;False;False;False;False;False;False;False;False;False;False;False;False;False;False;False;False;False;False;False;False;False;False;False;False;False;False;False;False;False;False;False;False;False;False;False;False;False;False;False;False;False;False;False;False;False;False;False;False;False;False;False;False;False;False;False;False;False;False;False;False;False;False;False;False;False;False;False;False;False;False;False;False;False;False;False;False;False;False;False;False;False;False;False;False;False;False;False;False;False;False;False;False;False;False;False;False;False;False;False;False;False;0;0;0;8;38737.35207103565;0.04;0.16878461837768555
2719;76.4;68.3;126.6;52.2;50.2;96.4;88.4;120.6;122.6;136.6;0;0;186.9;136.6;223.0;70.3;0;235.1;128.6;90.4;0;0;0;0;76.4;68.3;126.6;52.2;50.2;96.4;88.4;120.6;122.6;136.6;0;0;186.9;136.6;223.0;70.3;0;235.1;128.6;90.4;0;0;0;0;76.4;68.3;126.6;52.2;50.2;96.4;88.4;120.6;122.6;136.6;0;0;186.9;136.6;223.0;70.3;0;235.1;128.6;90.4;0;0;0;0;0;0;96.73647763;0;0;0;0;0;0;0;0;0;0;0;80.76005359999998;0;84.43539343;117.5535517;44.29088777;114.8393139;116.6109764;52.2689569;0;76.05934505;0;0;177.900199;0;0;0;0;0;0;0;0;0;109.26533640000001;73.87694071;0;0;0;0;0;43.29186426;220.0511286;0;0;79.42803983;0;46.88182857;0;0;0;0;85.22702598;0;0;36.91379623;0;0;0;0;0;0;0;0;0;0;0;0;0;0;0;0;-1;-1;-1;-1;-1;-1;-1;-1;-1;1;-1;1;-1;-1;-1;-1;-1;-1;-1;-1;-1;-1;-1;-1;-1;-1;1;-1;-1;-1;-1;-1;-1;-1;-1;-1;-1;-1;1;-1;-1;-1;-1;-1;-1;-1;-1;1;1;1;-1;-1;-1;-1;1;1;-1;-1;-1;-1;-1;-1;-1;-1;1;-1;-1;-1;-1;-1;-1;-1;-1;-1;-1;-1;-1;-1;-1;-1;-1;-1;-1;-1;-1;1;-1;1;-1;-1;-1;-1;-1;-1;-1;-1;-1;-1;-1;-1;-1;-1;1;-1;-1;-1;-1;-1;-1;-1;-1;-1;-1;-1;-1;-1;-1;-1;-1;-1;-1;-1;-1;-1;-1;-1;-1;-1;-1;-1;-1;-1;-1;-1;-1;-1;-1;-1;-1;-1;-1;-1;-1;-1;-1;-1;-1;-1;-1;-1;-1;-1;-1;-1;-1;-1;-1;-1;-1;-1;-1;-1;-1;-1;-1;-1;-1;-1;-1;-1;-1;-1;-1;-1;-1;-1;-1;-1;-1;-1;-1;-1;-1;-1;-1;-1;-1;-1;-1;-1;-1;-1;-1;-1;-1;-1;-1;-1;-1;-1;-1;-1;-1;-1;-1;-1;-1;-1;-1;-1;-1;-1;-1;-1;-1;-1;-1;-1;-1;-1;-1;-1;-1;-1;-1;-1;-1;-1;-1;-1;-1;-1;-1;-1;-1;-1;-1;-1;1;-1;False;False;False;False;False;False;False;False;False;False;False;False;False;False;False;False;False;False;False;False;False;False;False;False;False;False;False;False;False;False;False;False;False;False;False;False;False;False;False;False;False;False;False;False;False;False;False;False;True;False;False;False;False;False;False;False;False;False;False;False;False;False;False;False;False;False;False;False;False;False;False;False;False;False;False;False;False;False;False;False;False;False;False;False;False;False;False;False;False;False;False;False;False;False;False;False;False;False;False;False;False;False;False;False;False;False;False;False;False;False;False;False;False;False;False;False;False;False;False;False;False;False;False;False;False;False;False;False;False;False;False;False;False;False;False;False;False;False;False;False;False;False;False;False;False;False;False;False;False;False;False;False;False;False;False;False;False;False;False;False;False;False;False;False;False;False;False;False;False;False;False;False;False;False;False;False;False;False;False;False;False;False;False;False;False;False;False;False;False;False;False;False;False;False;False;False;False;False;False;False;False;False;False;False;False;False;False;False;False;False;False;False;False;False;False;False;False;False;False;False;False;False;False;False;False;False;False;False;False;False;False;False;False;False;False;False;False;False;False;False;0.7159285545349121;0.03;1;14;52909.88037151694;0.04;0.18686389923095703
2720;85.3;76.4;141.5;58.4;56.1;107.8;98.8;134.7;137.0;152.7;0;0;208.8;152.7;249.3;78.6;0;262.7;143.7;101.1;0;0;0;0;85.3;76.4;141.5;58.4;56.1;107.8;98.8;134.7;137.0;152.7;0;0;208.8;152.7;249.3;78.6;0;262.7;143.7;101.1;0;0;0;0;85.3;76.4;141.5;58.4;56.1;107.8;98.8;134.7;137.0;152.7;0;0;208.8;152.7;249.3;78.6;0;262.7;143.7;101.1;0;0;0;0;0;0;118.4901458;0;0;0;0;0;0;0;0;0;0;0;81.60658149999998;0;100.2973526;151.6948802;59.73583656;119.17299129999999;151.6102624;57.08589843;0;88.76113962;0;0;201.11420139999998;0;0;0;0;0;0;0;0;0;120.9216228;91.49133923;0;0;0;0;0;53.47738953;210.8367817;0;0;103.87164109999999;0;56.24078945;0;0;0;0;77.20963536;0;0;39.25746524;0;0;0;0;0;0;0;0;0;0;0;0;0;0;0;0;1;-1;-1;-1;-1;-1;-1;-1;-1;1;-1;1;-1;-1;-1;-1;-1;-1;-1;-1;-1;-1;-1;-1;-1;-1;1;-1;-1;-1;-1;-1;-1;-1;-1;-1;-1;-1;1;-1;-1;-1;-1;-1;-1;-1;-1;1;-1;1;-1;-1;-1;-1;1;1;-1;-1;-1;-1;-1;-1;-1;-1;-1;-1;-1;-1;-1;-1;-1;-1;-1;-1;-1;-1;-1;-1;-1;-1;-1;-1;-1;-1;-1;-1;-1;-1;-1;-1;-1;-1;-1;-1;-1;-1;-1;-1;-1;-1;-1;-1;1;-1;-1;-1;-1;-1;-1;-1;-1;-1;-1;-1;-1;-1;-1;-1;-1;-1;-1;-1;-1;-1;-1;-1;-1;-1;-1;-1;-1;-1;-1;-1;-1;-1;-1;-1;-1;-1;-1;-1;-1;-1;-1;-1;-1;-1;-1;-1;-1;-1;-1;-1;-1;-1;-1;-1;-1;-1;-1;-1;-1;-1;-1;-1;-1;-1;-1;-1;-1;-1;-1;-1;-1;-1;-1;-1;-1;-1;-1;-1;-1;-1;-1;-1;-1;-1;-1;-1;-1;-1;-1;-1;-1;-1;-1;-1;-1;-1;-1;-1;-1;-1;-1;-1;-1;-1;-1;-1;-1;-1;-1;-1;-1;-1;-1;-1;-1;-1;-1;-1;-1;-1;-1;-1;-1;-1;-1;-1;-1;-1;-1;-1;-1;-1;-1;-1;1;-1;False;False;False;False;False;False;False;False;False;False;False;False;False;False;False;False;False;False;False;False;False;False;False;False;False;False;False;False;False;False;False;False;False;False;False;False;False;False;False;False;False;False;False;False;False;False;False;False;False;False;False;False;False;False;False;False;False;False;False;False;False;False;False;False;False;False;False;False;False;False;False;False;False;False;False;False;False;False;False;False;False;False;False;False;False;False;False;False;False;False;False;False;False;False;False;False;False;False;False;False;False;False;False;False;False;False;False;False;False;False;False;False;False;False;False;False;False;False;False;False;False;False;False;False;False;False;False;False;False;False;False;False;False;False;False;False;False;False;False;False;False;False;False;False;False;False;False;False;False;False;False;False;False;False;False;False;False;False;False;False;False;False;False;False;False;False;False;False;False;False;False;False;False;False;False;False;False;False;False;False;False;False;False;False;False;False;False;False;False;False;False;False;False;False;False;False;False;False;False;False;False;False;False;False;False;False;False;False;False;False;False;False;False;False;False;False;False;False;False;False;False;False;False;False;False;False;False;False;False;False;False;False;False;False;False;False;False;False;False;False;0;0;0;11;61856.542040012515;0.03;0.28811001777648926
2721;88.9;79.6;147.4;60.8;58.5;112.3;103.0;140.4;142.7;159.1;0;0;217.6;159.1;259.8;81.9;0;273.8;149.8;105.3;0;0;0;0;88.9;79.6;147.4;60.8;58.5;112.3;103.0;140.4;142.7;159.1;0;0;217.6;159.1;259.8;81.9;0;273.8;149.8;105.3;0;0;0;0;88.9;79.6;147.4;60.8;58.5;112.3;103.0;140.4;142.7;159.1;0;0;217.6;159.1;259.8;81.9;0;273.8;149.8;105.3;0;0;0;0;0;0;112.4787409;0;0;0;0;0;0;0;0;0;0;0;76.56256932;0;143.66203149999996;192.834078;80.9144265;136.409805;179.1277409;62.91153188;0;88.34785874;0;0;168.879927;0;0;0;0;0;0;0;0;0;121.1140345;92.60646143;0;0;0;0;0;56.54167682;211.5498972;0;0;137.6449346;0;55.89632153;0;0;0;0;81.22593839;0;0;40.06063699;0;0;0;0;0;0;0;0;0;0;0;0;0;0;0;0;1;-1;-1;-1;-1;-1;-1;-1;-1;1;-1;1;-1;-1;-1;-1;-1;-1;-1;-1;-1;-1;-1;-1;-1;-1;1;-1;-1;-1;-1;-1;-1;-1;-1;-1;-1;-1;1;-1;-1;-1;-1;-1;-1;-1;-1;1;-1;1;-1;-1;-1;-1;1;1;-1;-1;-1;-1;-1;-1;-1;-1;-1;-1;-1;-1;-1;-1;-1;-1;-1;-1;-1;-1;-1;-1;-1;-1;-1;-1;-1;-1;-1;-1;-1;-1;-1;-1;-1;-1;-1;-1;-1;-1;-1;-1;-1;-1;-1;-1;1;-1;-1;-1;-1;-1;-1;-1;-1;-1;-1;-1;1;-1;-1;-1;-1;-1;-1;-1;-1;-1;-1;-1;-1;-1;-1;-1;-1;-1;-1;-1;-1;-1;-1;-1;-1;-1;-1;-1;-1;-1;-1;-1;-1;-1;-1;-1;-1;-1;-1;-1;-1;-1;-1;-1;-1;-1;-1;-1;-1;-1;-1;-1;-1;-1;-1;-1;-1;-1;-1;-1;-1;-1;-1;-1;-1;-1;-1;-1;-1;-1;-1;-1;-1;-1;-1;-1;-1;-1;-1;-1;-1;-1;-1;-1;-1;-1;-1;-1;-1;-1;-1;-1;-1;-1;-1;-1;-1;-1;-1;-1;-1;-1;-1;-1;-1;-1;-1;-1;-1;-1;-1;-1;-1;-1;-1;-1;-1;-1;-1;-1;-1;-1;-1;-1;1;-1;False;False;False;False;False;False;False;False;False;False;False;False;False;False;False;False;False;False;False;False;False;False;False;False;False;False;False;False;False;False;False;False;False;False;False;False;False;False;False;False;False;False;False;False;False;False;False;False;False;False;False;False;False;False;False;False;False;False;False;False;False;False;False;False;False;False;False;False;False;False;False;False;False;False;False;False;False;False;False;False;False;False;False;False;False;False;False;False;False;False;False;False;False;False;False;False;False;False;False;False;False;False;False;False;False;False;False;False;False;False;False;False;False;False;False;False;False;False;False;False;False;False;False;False;False;False;False;False;False;False;False;False;False;False;False;False;False;False;False;False;False;False;False;False;False;False;False;False;False;False;False;False;False;False;False;False;False;False;False;False;False;False;False;False;False;False;False;False;False;False;False;False;False;False;False;False;False;False;False;False;False;False;False;False;False;False;False;False;False;False;False;False;False;False;False;False;False;False;False;False;False;False;False;False;False;False;False;False;False;False;False;False;False;False;False;False;False;False;False;False;False;False;False;False;False;False;False;False;False;False;False;False;False;False;False;False;False;False;False;False;0;0;0;12;64832.61206784166;0.03;0.12643861770629883
2722;89.8;80.4;148.9;61.5;59.1;113.5;104.0;141.8;144.2;160.7;0;0;219.8;160.7;262.4;82.7;0;276.6;151.3;106.4;0;0;0;0;89.8;80.4;148.9;61.5;59.1;113.5;104.0;141.8;144.2;160.7;0;0;219.8;160.7;262.4;82.7;0;276.6;151.3;106.4;0;0;0;0;89.8;80.4;148.9;61.5;59.1;113.5;104.0;141.8;144.2;160.7;0;0;219.8;160.7;262.4;82.7;0;276.6;151.3;106.4;0;0;0;0;0;0;96.11960340000002;0;0;0;0;0;0;0;0;0;0;0;75.76145162;0;190.4628272;211.07635640000004;83.51220106;160.5117655;191.64196719999998;61.52722919;0;79.80164717;0;0;129.468269;0;0;0;0;0;0;0;0;0;124.20596609999998;89.26838239;0;0;0;0;0;55.39849301;208.1930227;0;0;162.8925987;0;59.03035388;0;0;0;0;87.80853520000002;0;0;39.50975997;0;0;0;0;0;0;0;0;0;0;0;0;0;0;0;0;1;-1;-1;-1;-1;-1;1;-1;-1;1;-1;1;-1;-1;-1;-1;-1;-1;-1;-1;-1;-1;-1;-1;-1;-1;1;-1;-1;-1;-1;-1;-1;-1;-1;-1;-1;-1;1;-1;-1;-1;-1;-1;-1;-1;-1;1;-1;1;-1;-1;-1;-1;1;1;-1;-1;-1;-1;-1;-1;-1;-1;-1;-1;-1;-1;-1;-1;-1;-1;-1;-1;-1;-1;-1;-1;-1;-1;-1;-1;-1;-1;-1;-1;-1;-1;-1;-1;-1;-1;-1;-1;-1;-1;-1;-1;-1;-1;-1;-1;1;-1;-1;-1;-1;-1;-1;-1;-1;-1;-1;-1;1;-1;-1;-1;-1;-1;-1;-1;-1;-1;-1;-1;-1;-1;-1;-1;-1;-1;-1;-1;-1;-1;-1;-1;-1;-1;-1;-1;-1;-1;-1;-1;-1;-1;-1;-1;-1;-1;-1;-1;-1;-1;-1;-1;-1;-1;-1;-1;-1;-1;-1;-1;-1;-1;-1;-1;-1;-1;-1;-1;-1;-1;-1;-1;-1;-1;-1;-1;-1;-1;-1;-1;-1;-1;-1;-1;-1;-1;-1;-1;-1;-1;-1;-1;-1;-1;-1;-1;-1;-1;-1;-1;-1;-1;-1;-1;-1;-1;-1;-1;-1;-1;-1;-1;-1;-1;-1;-1;-1;-1;-1;-1;-1;-1;-1;-1;-1;-1;-1;-1;-1;-1;-1;-1;1;-1;False;False;False;False;False;False;False;False;False;False;False;False;False;False;False;False;False;False;False;False;False;False;False;False;False;False;False;False;False;False;False;False;False;False;False;False;False;False;False;False;False;False;False;False;False;False;False;False;False;False;False;False;False;False;False;False;False;False;False;False;False;False;False;False;False;False;False;False;False;False;False;False;False;False;False;False;False;False;False;False;False;False;False;False;False;False;False;False;False;False;False;False;False;False;False;False;False;False;False;False;False;False;False;False;False;False;False;False;False;False;False;False;False;False;False;False;False;False;False;False;False;False;False;False;False;False;False;False;False;False;False;False;False;False;False;False;False;False;False;False;False;False;False;False;False;False;False;False;False;False;False;False;False;False;False;False;False;False;False;False;False;False;False;False;False;False;False;False;False;False;False;False;False;False;False;False;False;False;False;False;False;False;False;False;False;False;False;False;False;False;False;False;False;False;False;False;False;False;False;False;False;False;False;False;False;False;False;False;False;False;False;False;False;False;False;False;False;False;False;False;False;False;False;False;False;False;False;False;False;False;False;False;False;False;False;False;False;False;False;False;0;0;0;13;65203.72475011049;0.04;0.22120237350463867
2723;88.9;79.6;147.4;60.8;58.5;112.3;103.0;140.4;142.7;159.1;0;0;217.6;159.1;259.8;81.9;0;273.8;149.8;105.3;0;0;0;0;88.9;79.6;147.4;60.8;58.5;112.3;103.0;140.4;142.7;159.1;0;0;217.6;159.1;259.8;81.9;0;273.8;149.8;105.3;0;0;0;0;88.9;79.6;147.4;60.8;58.5;112.3;103.0;140.4;142.7;159.1;0;0;217.6;159.1;259.8;81.9;0;273.8;149.8;105.3;0;0;0;0;0;0;106.8111721;0;0;0;0;0;0;0;0;0;0;0;72.8988379;0;212.1540069;199.59779630000003;87.55645442;179.1763542;214.1269659;69.30258726;0;83.69941447;0;0;139.29894280000002;0;0;0;0;0;0;0;0;0;132.01136409999998;92.06160144;0;0;0;0;0;54.28259883;218.1129708;0;0;177.8594654;0;68.13515095;0;0;0;0;95.83865951;0;0;42.94937705;0;0;0;0;0;0;0;0;0;0;0;0;0;0;0;0;-1;-1;-1;-1;-1;-1;1;-1;-1;1;-1;1;-1;-1;-1;-1;-1;-1;-1;-1;-1;-1;1;-1;-1;-1;1;-1;-1;-1;-1;-1;-1;-1;-1;-1;-1;-1;1;-1;-1;-1;-1;-1;-1;-1;-1;1;-1;1;-1;-1;-1;-1;1;1;-1;-1;-1;-1;-1;-1;-1;-1;1;-1;-1;-1;-1;-1;-1;-1;-1;-1;-1;-1;-1;-1;-1;-1;-1;-1;-1;-1;-1;-1;-1;-1;-1;-1;-1;-1;-1;-1;-1;-1;-1;-1;-1;-1;-1;-1;1;-1;-1;-1;-1;-1;-1;-1;-1;-1;-1;-1;1;-1;-1;-1;-1;-1;-1;-1;-1;-1;-1;-1;-1;-1;-1;-1;-1;-1;-1;-1;-1;-1;-1;-1;-1;-1;-1;-1;-1;-1;-1;-1;-1;-1;-1;-1;-1;-1;-1;-1;-1;-1;-1;-1;-1;-1;-1;-1;-1;-1;-1;-1;-1;-1;-1;-1;-1;-1;-1;-1;-1;-1;-1;-1;-1;-1;-1;-1;-1;-1;-1;-1;-1;-1;-1;-1;-1;-1;-1;-1;-1;-1;-1;-1;-1;-1;-1;-1;-1;-1;-1;-1;-1;-1;-1;-1;-1;-1;-1;-1;-1;-1;-1;-1;-1;-1;-1;-1;-1;-1;-1;-1;-1;-1;-1;-1;-1;-1;-1;-1;-1;-1;-1;-1;1;-1;False;False;False;False;False;False;False;False;False;False;False;False;False;False;False;False;False;False;False;False;False;False;False;False;False;False;False;False;False;False;False;False;False;False;False;False;False;False;False;False;False;False;False;False;False;False;False;False;False;False;False;False;False;False;False;False;False;False;False;False;False;False;False;False;False;False;False;False;False;False;False;False;False;False;False;False;False;False;False;False;False;False;False;False;False;False;False;False;False;False;False;False;False;False;False;False;False;False;False;False;False;False;False;False;False;False;False;False;False;False;False;False;False;False;False;False;False;False;False;False;False;False;False;False;False;False;False;False;False;False;False;False;False;False;False;False;False;False;False;False;False;False;False;False;False;False;False;False;False;False;False;False;False;False;False;False;False;False;False;False;False;False;False;False;False;False;False;False;False;False;False;False;False;False;False;False;False;False;False;False;False;False;False;False;False;False;False;False;False;False;False;False;False;False;False;False;False;False;False;False;False;False;False;False;False;False;False;False;False;False;False;False;False;False;False;False;False;False;False;False;False;False;False;False;False;False;False;False;False;False;False;False;False;False;False;False;False;False;False;False;0;0;0;14;61266.16811400327;0.04;0.12701940536499023
2724;83.5;74.7;138.5;57.2;55.0;105.5;96.7;131.9;134.1;149.5;0;0;204.4;149.5;244.0;76.9;0;257.2;140.7;98.9;0;0;0;0;83.5;74.7;138.5;57.2;55.0;105.5;96.7;131.9;134.1;149.5;0;0;204.4;149.5;244.0;76.9;0;257.2;140.7;98.9;0;0;0;0;83.5;74.7;138.5;57.2;55.0;105.5;96.7;131.9;134.1;149.5;0;0;204.4;149.5;244.0;76.9;0;257.2;140.7;98.9;0;0;0;0;0;0;212.58964619999998;0;0;0;0;0;0;0;0;0;0;0;172.3963554;0;401.3208989;379.13323230000003;202.68682909999998;365.48026150000004;446.66607419999997;169.658048;0;178.1369312;0;0;286.3177195;0;0;0;0;0;0;0;0;0;230.8696514;192.56006299999999;0;0;0;0;0;108.30911909999999;401.2170901;0;0;376.4277529;0;129.5417066;0;0;0;0;192.6181333;0;0;75.3280296;0;0;0;0;0;0;0;0;0;0;0;0;0;0;0;0;1;-1;-1;-1;-1;-1;1;-1;-1;-1;-1;1;-1;-1;-1;-1;-1;-1;1;-1;-1;1;1;1;-1;-1;-1;1;-1;-1;-1;-1;-1;-1;-1;-1;-1;-1;1;-1;-1;-1;-1;-1;-1;-1;-1;-1;1;1;-1;-1;-1;-1;1;-1;-1;-1;-1;-1;-1;-1;-1;-1;1;1;-1;-1;-1;-1;-1;-1;-1;-1;-1;-1;-1;-1;-1;-1;-1;-1;-1;-1;-1;-1;1;1;-1;-1;-1;-1;-1;-1;-1;-1;-1;-1;-1;-1;-1;-1;1;-1;-1;-1;-1;-1;-1;-1;-1;-1;-1;-1;-1;-1;-1;-1;-1;-1;-1;-1;-1;-1;-1;-1;-1;-1;-1;-1;-1;-1;-1;-1;-1;-1;-1;-1;-1;-1;-1;-1;-1;-1;-1;-1;-1;-1;-1;-1;-1;-1;-1;-1;-1;-1;-1;-1;-1;-1;-1;-1;-1;-1;-1;-1;-1;-1;-1;-1;-1;-1;-1;-1;-1;-1;-1;-1;-1;-1;-1;-1;-1;-1;-1;-1;-1;-1;-1;-1;-1;-1;-1;-1;-1;-1;-1;-1;-1;-1;-1;-1;-1;-1;-1;-1;-1;-1;-1;-1;-1;-1;-1;-1;-1;-1;-1;-1;-1;-1;-1;-1;-1;-1;-1;-1;-1;-1;-1;-1;-1;-1;-1;-1;-1;-1;-1;-1;1;-1;False;False;False;False;False;False;False;False;False;False;False;False;False;False;False;False;False;False;False;False;False;False;False;False;False;False;False;False;False;False;False;False;False;False;False;False;False;False;False;False;False;False;False;False;False;False;False;False;True;False;False;False;False;False;False;False;False;False;False;False;False;False;False;False;False;False;False;False;False;False;False;False;False;False;False;False;False;False;False;False;False;False;False;False;False;False;True;False;False;False;False;False;False;False;False;False;False;False;False;False;False;False;False;False;False;False;False;False;False;False;False;False;False;False;False;False;False;False;False;False;False;False;False;False;False;False;False;False;False;False;False;False;False;False;False;False;False;False;False;False;False;False;False;False;False;False;False;False;False;False;False;False;False;False;False;False;False;False;False;False;False;False;False;False;False;False;False;False;False;False;False;False;False;False;False;False;False;False;False;False;False;False;False;False;False;False;False;False;False;False;False;False;False;False;False;False;False;False;False;False;False;False;False;False;False;False;False;False;False;False;False;False;False;False;False;False;False;False;False;False;False;False;False;False;False;False;False;False;False;False;False;False;False;False;False;False;False;False;False;False;1.4677302837371826;0.09;2;18;25498.92671848119;0.05;0.31078004837036133
2725;82.6;73.9;137.0;56.5;54.4;104.4;95.7;130.5;132.7;147.9;0;0;202.2;147.9;241.4;76.1;0;254.4;139.2;97.9;0;0;0;0;82.6;73.9;137.0;56.5;54.4;104.4;95.7;130.5;132.7;147.9;0;0;202.2;147.9;241.4;76.1;0;254.4;139.2;97.9;0;0;0;0;82.6;73.9;137.0;56.5;54.4;104.4;95.7;130.5;132.7;147.9;0;0;202.2;147.9;241.4;76.1;0;254.4;139.2;97.9;0;0;0;0;0;0;185.501495;0;0;0;0;0;0;0;0;0;0;0;173.322417;0;355.7023251;338.63426469999996;174.7156111;316.8149121;390.20391960000006;146.7412204;0;167.10894230000005;0;0;267.89133530000004;0;0;0;0;0;0;0;0;0;207.95408369999998;174.6930802;0;0;0;0;0;101.7957475;386.6347018;0;0;339.0565938000001;0;121.78000549999999;0;0;0;0;173.6350726;0;0;69.59341500000001;0;0;0;0;0;0;0;0;0;0;0;0;0;0;0;0;1;-1;-1;-1;-1;-1;1;-1;-1;1;-1;1;-1;-1;-1;-1;-1;-1;1;-1;-1;-1;1;1;-1;-1;-1;-1;-1;-1;-1;-1;-1;-1;-1;-1;-1;-1;1;-1;-1;-1;-1;-1;-1;-1;-1;-1;1;1;-1;-1;-1;-1;1;-1;-1;-1;-1;-1;-1;-1;-1;-1;1;1;-1;-1;-1;-1;-1;-1;-1;-1;-1;-1;-1;-1;-1;-1;-1;-1;-1;-1;-1;-1;1;1;-1;-1;-1;-1;-1;-1;-1;-1;-1;-1;-1;-1;-1;-1;1;-1;-1;-1;-1;-1;-1;-1;-1;-1;-1;-1;-1;-1;-1;-1;-1;-1;-1;-1;-1;-1;-1;-1;-1;-1;-1;-1;-1;-1;-1;-1;-1;-1;-1;-1;-1;-1;-1;-1;-1;-1;-1;-1;-1;-1;-1;-1;-1;-1;-1;-1;-1;-1;-1;-1;-1;-1;-1;-1;-1;-1;-1;-1;-1;-1;-1;-1;-1;-1;-1;-1;-1;-1;-1;-1;-1;-1;-1;-1;-1;-1;-1;-1;-1;-1;-1;-1;-1;-1;-1;-1;-1;-1;-1;-1;-1;-1;-1;-1;-1;-1;-1;-1;-1;-1;-1;-1;-1;-1;-1;-1;-1;-1;-1;-1;-1;-1;-1;-1;-1;-1;-1;-1;-1;-1;-1;-1;-1;-1;-1;-1;-1;-1;-1;-1;1;-1;False;False;False;False;False;False;False;False;False;False;False;False;False;False;False;False;False;False;False;False;False;False;False;False;False;False;False;False;False;False;False;False;False;False;False;False;False;False;False;False;False;False;False;False;False;False;False;False;True;False;False;False;False;False;False;False;False;False;False;False;False;False;False;False;False;False;False;False;False;False;False;False;False;False;False;False;False;False;False;False;False;False;False;False;False;False;True;False;False;False;False;False;False;False;False;False;False;False;False;False;False;False;False;False;False;False;False;False;False;False;False;False;False;False;False;False;False;False;False;False;False;False;False;False;False;False;False;False;False;False;False;False;False;False;False;False;False;False;False;False;False;False;False;False;False;False;False;False;False;False;False;False;False;False;False;False;False;False;False;False;False;False;False;False;False;False;False;False;False;False;False;False;False;False;False;False;False;False;False;False;False;False;False;False;False;False;False;False;False;False;False;False;False;False;False;False;False;False;False;False;False;False;False;False;False;False;False;False;False;False;False;False;False;False;False;False;False;False;False;False;False;False;False;False;False;False;False;False;False;False;False;False;False;False;False;False;False;False;False;False;1.198533296585083;0.07;2;17;27130.31303311185;0.04;0.3134498596191406
2726;80.8;72.3;134.0;55.3;53.2;102.1;93.6;127.6;129.8;144.7;0;0;197.8;144.7;236.1;74.5;0;248.9;136.2;95.7;0;0;0;0;80.8;72.3;134.0;55.3;53.2;102.1;93.6;127.6;129.8;144.7;0;0;197.8;144.7;236.1;74.5;0;248.9;136.2;95.7;0;0;0;0;80.8;72.3;134.0;55.3;53.2;102.1;93.6;127.6;129.8;144.7;0;0;197.8;144.7;236.1;74.5;0;248.9;136.2;95.7;0;0;0;0;0;0;171.2563004;0;0;0;0;0;0;0;0;0;0;0;144.8340044;0;296.7626205;291.0926596000001;143.1558449;272.4497125;360.67440089999997;120.7078922;0;162.7163548;0;0;243.5829913;0;0;0;0;0;0;0;0;0;190.9895333;167.4832267;0;0;0;0;0;92.63961164;382.1862539;0;0;308.1700078;0;113.56731380000001;0;0;0;0;152.62793180000003;0;0;60.39560675;0;0;0;0;0;0;0;0;0;0;0;0;0;0;0;0;1;-1;-1;-1;-1;-1;1;-1;-1;1;-1;1;-1;-1;-1;-1;-1;-1;1;-1;-1;-1;1;1;-1;-1;-1;-1;-1;-1;-1;-1;-1;-1;-1;-1;-1;-1;1;-1;-1;-1;-1;-1;-1;-1;-1;1;1;1;-1;-1;-1;-1;1;-1;-1;-1;-1;-1;-1;-1;-1;-1;1;-1;-1;-1;-1;-1;-1;-1;-1;-1;-1;-1;-1;-1;-1;-1;-1;-1;-1;-1;-1;-1;1;1;-1;-1;-1;-1;-1;-1;-1;-1;-1;-1;-1;-1;-1;-1;1;-1;-1;-1;-1;-1;-1;-1;-1;-1;-1;-1;-1;-1;-1;-1;-1;-1;-1;-1;-1;-1;-1;-1;-1;-1;-1;-1;-1;-1;-1;-1;-1;-1;-1;-1;-1;-1;-1;-1;-1;-1;-1;-1;-1;-1;-1;-1;-1;-1;-1;-1;-1;-1;-1;-1;-1;-1;-1;-1;-1;-1;-1;-1;-1;-1;-1;-1;-1;-1;-1;-1;-1;-1;-1;-1;-1;-1;-1;-1;-1;-1;-1;-1;-1;-1;-1;-1;-1;-1;-1;-1;-1;-1;-1;-1;-1;-1;-1;-1;-1;-1;-1;-1;-1;-1;-1;-1;-1;-1;-1;-1;-1;-1;-1;-1;-1;-1;-1;-1;-1;-1;-1;-1;-1;-1;-1;-1;-1;-1;-1;-1;-1;-1;-1;-1;1;-1;False;False;False;False;False;False;False;False;False;False;False;False;False;False;False;False;False;False;False;False;False;False;False;False;False;False;False;False;False;False;False;False;False;False;False;False;False;False;False;False;False;False;False;False;False;False;False;False;True;False;False;False;False;False;False;False;False;False;False;False;False;False;False;False;False;False;False;False;False;False;False;False;False;False;False;False;False;False;False;False;False;False;False;False;False;False;True;False;False;False;False;False;False;False;False;False;False;False;False;False;False;False;False;False;False;False;False;False;False;False;False;False;False;False;False;False;False;False;False;False;False;False;False;False;False;False;False;False;False;False;False;False;False;False;False;False;False;False;False;False;False;False;False;False;False;False;False;False;False;False;False;False;False;False;False;False;False;False;False;False;False;False;False;False;False;False;False;False;False;False;False;False;False;False;False;False;False;False;False;False;False;False;False;False;False;False;False;False;False;False;False;False;False;False;False;False;False;False;False;False;False;False;False;False;False;False;False;False;False;False;False;False;False;False;False;False;False;False;False;False;False;False;False;False;False;False;False;False;False;False;False;False;False;False;False;False;False;False;False;False;1.3991682529449463;0.04;2;17;28313.482964773502;0.02;0.5557186603546143
2727;79.0;70.7;131.0;54.1;52.0;99.8;91.5;124.8;126.9;141.4;0;0;193.5;141.4;230.9;72.8;0;243.4;133.1;93.6;0;0;0;0;79.0;70.7;131.0;54.1;52.0;99.8;91.5;124.8;126.9;141.4;0;0;193.5;141.4;230.9;72.8;0;243.4;133.1;93.6;0;0;0;0;79.0;70.7;131.0;54.1;52.0;99.8;91.5;124.8;126.9;141.4;0;0;193.5;141.4;230.9;72.8;0;243.4;133.1;93.6;0;0;0;0;0;0;168.83411769999995;0;0;0;0;0;0;0;0;0;0;0;132.6850911;0;262.9067125;252.0800587;122.6869143;248.3693951;330.5872677;108.2558676;0;159.44450419999995;0;0;239.7169509;0;0;0;0;0;0;0;0;0;184.4495023;170.23936619999995;0;0;0;0;0;80.64515135;374.2195832;0;0;294.8193498;0;100.1847578;0;0;0;0;141.5576844;0;0;61.85879938;0;0;0;0;0;0;0;0;0;0;0;0;0;0;0;0;1;-1;-1;-1;-1;-1;1;-1;-1;-1;-1;1;-1;-1;-1;-1;-1;-1;1;-1;-1;-1;1;1;-1;-1;1;-1;-1;-1;-1;-1;-1;-1;-1;-1;-1;-1;1;-1;-1;-1;-1;-1;-1;-1;-1;-1;1;1;-1;-1;-1;-1;1;-1;-1;-1;-1;-1;-1;-1;-1;-1;1;-1;-1;-1;-1;-1;-1;-1;-1;-1;-1;-1;-1;-1;-1;-1;-1;-1;-1;-1;-1;-1;1;1;-1;-1;-1;-1;-1;-1;-1;-1;-1;-1;-1;-1;-1;-1;1;-1;-1;-1;-1;-1;-1;-1;-1;-1;-1;-1;-1;-1;-1;-1;-1;-1;-1;-1;-1;-1;-1;-1;-1;-1;-1;-1;-1;-1;-1;-1;-1;-1;-1;-1;-1;-1;-1;-1;-1;-1;-1;-1;-1;-1;-1;-1;-1;-1;-1;-1;-1;-1;-1;-1;-1;-1;-1;-1;-1;-1;-1;-1;-1;-1;-1;-1;-1;-1;-1;-1;-1;-1;-1;-1;-1;-1;-1;-1;-1;-1;-1;-1;-1;-1;-1;-1;-1;-1;-1;-1;-1;-1;-1;-1;-1;-1;-1;-1;-1;-1;-1;-1;-1;-1;-1;-1;-1;-1;-1;-1;-1;-1;-1;-1;-1;-1;-1;-1;-1;-1;-1;-1;-1;-1;-1;-1;-1;-1;-1;-1;-1;-1;-1;-1;1;-1;False;False;False;False;False;False;False;False;False;False;False;False;False;False;False;False;False;False;False;False;False;False;False;False;False;False;False;False;False;False;False;False;False;False;False;False;False;False;False;False;False;False;False;False;False;False;False;False;True;False;False;False;False;False;False;False;False;False;False;False;False;False;False;False;False;False;False;False;False;False;False;False;False;False;False;False;False;False;False;False;False;False;False;False;False;False;True;False;False;False;False;False;False;False;False;False;False;False;False;False;False;False;False;False;False;False;False;False;False;False;False;False;False;False;False;False;False;False;False;False;False;False;False;False;False;False;False;False;False;False;False;False;False;False;False;False;False;False;False;False;False;False;False;False;False;False;False;False;False;False;False;False;False;False;False;False;False;False;False;False;False;False;False;False;False;False;False;False;False;False;False;False;False;False;False;False;False;False;False;False;False;False;False;False;False;False;False;False;False;False;False;False;False;False;False;False;False;False;False;False;False;False;False;False;False;False;False;False;False;False;False;False;False;False;False;False;False;False;False;False;False;False;False;False;False;False;False;False;False;False;False;False;False;False;False;False;False;False;False;False;1.2435827255249023;0.03;2;16;28749.59697132715;0.02;0.16463351249694824
2728;80.8;72.3;134.0;55.3;53.2;102.1;93.6;127.6;129.8;144.7;0;0;197.8;144.7;236.1;74.5;0;248.9;136.2;95.7;0;0;0;0;80.8;72.3;134.0;55.3;53.2;102.1;93.6;127.6;129.8;144.7;0;0;197.8;144.7;236.1;74.5;0;248.9;136.2;95.7;0;0;0;0;80.8;72.3;134.0;55.3;53.2;102.1;93.6;127.6;129.8;144.7;0;0;197.8;144.7;236.1;74.5;0;248.9;136.2;95.7;0;0;0;0;0;0;171.45375790000003;0;0;0;0;0;0;0;0;0;0;0;146.1344322;0;257.1078623;252.0467017;114.61339199999999;271.24526519999995;338.3815944;106.8395405;0;171.5865833;0;0;240.559854;0;0;0;0;0;0;0;0;0;183.776098;180.3602957;0;0;0;0;0;76.1420193;382.45302630000003;0;0;303.9726602;0;92.08331729;0;0;0;0;136.2061264;0;0;66.88208759;0;0;0;0;0;0;0;0;0;0;0;0;0;0;0;0;1;-1;-1;-1;-1;-1;1;-1;-1;1;-1;1;-1;-1;-1;-1;-1;-1;1;-1;-1;-1;1;1;-1;-1;1;-1;-1;-1;-1;-1;-1;-1;-1;-1;-1;-1;1;-1;-1;-1;-1;-1;-1;-1;-1;1;1;1;-1;-1;-1;-1;1;-1;-1;-1;-1;-1;-1;-1;-1;-1;1;-1;-1;-1;-1;-1;-1;-1;-1;-1;-1;-1;-1;-1;-1;-1;-1;-1;-1;-1;-1;-1;-1;1;-1;-1;-1;-1;-1;-1;-1;-1;-1;-1;-1;-1;-1;-1;1;-1;-1;-1;-1;-1;-1;-1;-1;-1;-1;-1;-1;-1;-1;-1;-1;-1;-1;-1;-1;-1;-1;-1;-1;-1;-1;-1;-1;-1;-1;-1;-1;-1;-1;-1;-1;-1;-1;-1;-1;-1;-1;-1;-1;-1;-1;-1;-1;-1;-1;-1;-1;-1;-1;-1;-1;-1;-1;-1;-1;-1;-1;-1;-1;-1;-1;-1;-1;-1;-1;-1;-1;-1;-1;-1;-1;-1;-1;-1;-1;-1;-1;-1;-1;-1;-1;-1;-1;-1;-1;-1;-1;-1;-1;-1;-1;-1;-1;-1;-1;-1;-1;-1;-1;-1;-1;-1;-1;-1;-1;-1;-1;-1;-1;-1;-1;-1;-1;-1;-1;-1;-1;-1;-1;-1;-1;-1;-1;-1;-1;-1;-1;-1;-1;-1;1;-1;False;False;False;False;False;False;False;False;False;False;False;False;False;False;False;False;False;False;False;False;False;False;False;False;False;False;False;False;False;False;False;False;False;False;False;False;False;False;False;False;False;False;False;False;False;False;False;False;True;False;False;False;False;False;False;False;False;False;False;False;False;False;False;False;False;False;False;False;False;False;False;False;False;False;False;False;False;False;False;False;False;False;False;False;False;False;False;False;False;False;False;False;False;False;False;False;False;False;False;False;False;False;False;False;False;False;False;False;False;False;False;False;False;False;False;False;False;False;False;False;False;False;False;False;False;False;False;False;False;False;False;False;False;False;False;False;False;False;False;False;False;False;False;False;False;False;False;False;False;False;False;False;False;False;False;False;False;False;False;False;False;False;False;False;False;False;False;False;False;False;False;False;False;False;False;False;False;False;False;False;False;False;False;False;False;False;False;False;False;False;False;False;False;False;False;False;False;False;False;False;False;False;False;False;False;False;False;False;False;False;False;False;False;False;False;False;False;False;False;False;False;False;False;False;False;False;False;False;False;False;False;False;False;False;False;False;False;False;False;False;0.717078685760498;0.04;1;17;30216.307151106288;0.03;0.5926826000213623
2729;82.6;73.9;137.0;56.5;54.4;104.4;95.7;130.5;132.7;147.9;0;0;202.2;147.9;241.4;76.1;0;254.4;139.2;97.9;0;0;0;0;82.6;73.9;137.0;56.5;54.4;104.4;95.7;130.5;132.7;147.9;0;0;202.2;147.9;241.4;76.1;0;254.4;139.2;97.9;0;0;0;0;82.6;73.9;137.0;56.5;54.4;104.4;95.7;130.5;132.7;147.9;0;0;202.2;147.9;241.4;76.1;0;254.4;139.2;97.9;0;0;0;0;0;0;184.13473180000003;0;0;0;0;0;0;0;0;0;0;0;160.7836567;0;264.2399209;258.9277685;110.7048676;294.0865006;343.8862133;115.29488400000001;0;179.04559709999995;0;0;243.0083067;0;0;0;0;0;0;0;0;0;191.0314716;188.7114531;0;0;0;0;0;79.28046422;391.40318360000003;0;0;306.4778453;0;93.06110644;0;0;0;0;146.37602009999995;0;0;72.89177895;0;0;0;0;0;0;0;0;0;0;0;0;0;0;0;0;1;-1;-1;-1;-1;-1;1;-1;-1;1;-1;1;-1;-1;-1;-1;-1;-1;1;-1;-1;-1;1;1;-1;-1;1;-1;-1;-1;-1;-1;-1;-1;-1;-1;-1;-1;1;-1;-1;-1;-1;-1;-1;-1;-1;1;1;1;-1;-1;-1;-1;1;-1;-1;-1;-1;-1;-1;-1;-1;-1;1;-1;-1;-1;-1;-1;-1;-1;-1;-1;-1;-1;-1;-1;-1;-1;-1;-1;-1;-1;-1;-1;-1;1;-1;-1;-1;-1;-1;-1;-1;-1;-1;-1;-1;-1;-1;-1;1;-1;-1;-1;-1;-1;-1;-1;-1;-1;-1;-1;-1;-1;-1;-1;-1;-1;-1;-1;-1;-1;-1;-1;-1;-1;-1;-1;-1;-1;-1;-1;-1;-1;-1;-1;-1;-1;-1;-1;-1;-1;-1;-1;-1;-1;-1;-1;-1;-1;-1;-1;-1;-1;-1;-1;-1;-1;-1;-1;-1;-1;-1;-1;-1;-1;-1;-1;-1;-1;-1;-1;-1;-1;-1;-1;-1;-1;-1;-1;-1;-1;-1;-1;-1;-1;-1;-1;-1;-1;-1;-1;-1;-1;-1;-1;-1;-1;-1;-1;-1;-1;-1;-1;-1;-1;-1;-1;-1;-1;-1;-1;-1;-1;-1;-1;-1;-1;-1;-1;-1;-1;-1;-1;-1;-1;-1;-1;-1;-1;-1;-1;-1;-1;-1;-1;1;-1;False;False;False;False;False;False;False;False;False;False;False;False;False;False;False;False;False;False;False;False;False;False;False;False;False;False;False;False;False;False;False;False;False;False;False;False;False;False;False;False;False;False;False;False;False;False;False;False;True;False;False;False;False;False;False;False;False;False;False;False;False;False;False;False;False;False;False;False;False;False;False;False;False;False;False;False;False;False;False;False;False;False;False;False;False;False;False;False;False;False;False;False;False;False;False;False;False;False;False;False;False;False;False;False;False;False;False;False;False;False;False;False;False;False;False;False;False;False;False;False;False;False;False;False;False;False;False;False;False;False;False;False;False;False;False;False;False;False;False;False;False;False;False;False;False;False;False;False;False;False;False;False;False;False;False;False;False;False;False;False;False;False;False;False;False;False;False;False;False;False;False;False;False;False;False;False;False;False;False;False;False;False;False;False;False;False;False;False;False;False;False;False;False;False;False;False;False;False;False;False;False;False;False;False;False;False;False;False;False;False;False;False;False;False;False;False;False;False;False;False;False;False;False;False;False;False;False;False;False;False;False;False;False;False;False;False;False;False;False;False;0.5970051288604736;0.04;1;17;30764.49171002642;0.04;0.2492659091949463
2730;86.2;77.2;143.0;59.0;56.7;108.9;99.8;136.2;138.4;154.3;0;0;211.0;154.3;251.9;79.4;0;265.5;145.2;102.1;0;0;0;0;86.2;77.2;143.0;59.0;56.7;108.9;99.8;136.2;138.4;154.3;0;0;211.0;154.3;251.9;79.4;0;265.5;145.2;102.1;0;0;0;0;86.2;77.2;143.0;59.0;56.7;108.9;99.8;136.2;138.4;154.3;0;0;211.0;154.3;251.9;79.4;0;265.5;145.2;102.1;0;0;0;0;0;0;173.7276504;0;0;0;0;0;0;0;0;0;0;0;130.6011586;0;252.8929611;239.3892381;69.45395384;259.3727959;288.8163289;68.67995678;0;146.0962822;0;0;215.96221469999998;0;0;0;0;0;0;0;0;0;186.4061831;168.53757040000005;0;0;0;0;0;72.50534223;345.48319169999996;0;0;260.6047321;0;72.53557144;0;0;0;0;100.6984423;0;0;58.77781121;0;0;0;0;0;0;0;0;0;0;0;0;0;0;0;0;1;-1;-1;-1;-1;-1;1;-1;-1;1;-1;1;-1;-1;-1;-1;-1;-1;1;-1;-1;-1;1;-1;-1;-1;1;-1;-1;-1;-1;-1;-1;-1;-1;-1;-1;-1;1;-1;-1;-1;-1;-1;-1;-1;-1;1;-1;1;-1;-1;-1;-1;1;1;-1;-1;-1;-1;-1;-1;-1;-1;1;-1;-1;-1;-1;-1;-1;-1;-1;-1;-1;-1;-1;-1;-1;-1;-1;-1;-1;-1;-1;-1;-1;1;-1;-1;-1;-1;-1;-1;-1;-1;-1;-1;-1;-1;-1;-1;1;-1;-1;-1;-1;-1;-1;-1;-1;-1;-1;-1;-1;-1;-1;-1;-1;-1;-1;-1;-1;-1;-1;-1;-1;-1;-1;-1;1;-1;-1;-1;-1;-1;-1;-1;-1;-1;-1;-1;-1;-1;-1;-1;-1;-1;-1;-1;-1;-1;-1;-1;-1;-1;-1;-1;-1;-1;-1;-1;-1;-1;-1;-1;-1;-1;-1;-1;-1;-1;-1;-1;-1;-1;-1;-1;-1;-1;-1;-1;-1;-1;-1;-1;-1;-1;-1;-1;-1;-1;-1;-1;-1;-1;-1;-1;-1;-1;-1;-1;-1;-1;-1;-1;-1;-1;-1;-1;-1;-1;-1;-1;-1;-1;-1;-1;-1;-1;-1;-1;-1;-1;-1;-1;-1;-1;-1;-1;-1;-1;-1;-1;-1;-1;-1;-1;1;-1;False;False;False;False;False;False;False;False;False;False;False;False;False;False;False;False;False;False;False;False;False;False;False;False;False;False;False;False;False;False;False;False;False;False;False;False;False;False;False;False;False;False;False;False;False;False;False;False;False;False;False;False;False;False;False;False;False;False;False;False;False;False;False;False;False;False;False;False;False;False;False;False;False;False;False;False;False;False;False;False;False;False;False;False;False;False;False;False;False;False;False;False;False;False;False;False;False;False;False;False;False;False;False;False;False;False;False;False;False;False;False;False;False;False;False;False;False;False;False;False;False;False;False;False;False;False;False;False;False;False;False;False;False;False;False;False;False;False;False;False;False;False;False;False;False;False;False;False;False;False;False;False;False;False;False;False;False;False;False;False;False;False;False;False;False;False;False;False;False;False;False;False;False;False;False;False;False;False;False;False;False;False;False;False;False;False;False;False;False;False;False;False;False;False;False;False;False;False;False;False;False;False;False;False;False;False;False;False;False;False;False;False;False;False;False;False;False;False;False;False;False;False;False;False;False;False;False;False;False;False;False;False;False;False;False;False;False;False;False;False;0;0;0;17;42485.82618659523;0.08;0.33135366439819336
2731;88.0;78.8;145.9;60.2;57.9;111.2;101.9;139.0;141.3;157.5;0;0;215.4;157.5;257.1;81.1;0;271.0;148.3;104.2;0;0;0;0;88.0;78.8;145.9;60.2;57.9;111.2;101.9;139.0;141.3;157.5;0;0;215.4;157.5;257.1;81.1;0;271.0;148.3;104.2;0;0;0;0;88.0;78.8;145.9;60.2;57.9;111.2;101.9;139.0;141.3;157.5;0;0;215.4;157.5;257.1;81.1;0;271.0;148.3;104.2;0;0;0;0;0;0;214.51932000000002;0;0;0;0;0;0;0;0;0;0;0;136.1184571;0;250.2644364;254.70901740000002;76.60702422;274.19934920000003;304.56247169999995;80.70263854;0;149.7184204;0;0;227.50144049999997;0;0;0;0;0;0;0;0;0;204.0861591;195.5095244;0;0;0;0;0;79.3313079;362.6977172;0;0;277.85453210000003;0;80.43582843;0;0;0;0;109.1155165;0;0;62.82254729;0;0;0;0;0;0;0;0;0;0;0;0;0;0;0;0;1;-1;-1;-1;-1;-1;1;-1;-1;1;-1;1;-1;-1;-1;-1;-1;-1;1;-1;-1;-1;1;-1;-1;-1;1;-1;-1;-1;-1;-1;-1;-1;-1;-1;-1;-1;1;-1;-1;-1;-1;-1;-1;-1;-1;1;1;1;-1;-1;-1;-1;1;1;-1;-1;-1;-1;-1;-1;-1;-1;1;-1;-1;-1;-1;-1;-1;-1;-1;-1;-1;-1;-1;-1;-1;-1;-1;-1;-1;-1;-1;-1;-1;1;-1;-1;-1;-1;-1;-1;-1;-1;-1;-1;-1;-1;-1;-1;1;-1;-1;-1;-1;-1;-1;-1;-1;-1;-1;-1;-1;-1;-1;-1;-1;-1;-1;-1;-1;-1;-1;-1;-1;-1;-1;-1;1;-1;-1;-1;-1;-1;-1;-1;-1;-1;-1;-1;-1;-1;-1;-1;-1;-1;-1;-1;-1;-1;-1;-1;-1;-1;-1;-1;-1;-1;-1;-1;-1;-1;-1;-1;-1;-1;-1;-1;-1;-1;-1;-1;-1;-1;-1;-1;-1;-1;-1;-1;-1;-1;-1;-1;-1;-1;-1;-1;-1;-1;-1;-1;-1;-1;-1;-1;-1;-1;-1;-1;-1;-1;-1;-1;-1;-1;-1;-1;-1;-1;-1;-1;-1;-1;-1;-1;-1;-1;-1;-1;-1;-1;-1;-1;-1;-1;-1;-1;-1;-1;-1;-1;-1;-1;-1;-1;1;-1;False;False;False;False;False;False;False;False;False;False;False;False;False;False;False;False;False;False;False;False;False;False;False;False;False;False;False;False;False;False;False;False;False;False;False;False;False;False;False;False;False;False;False;False;False;False;False;False;True;False;False;False;False;False;False;False;False;False;False;False;False;False;False;False;False;False;False;False;False;False;False;False;False;False;False;False;False;False;False;False;False;False;False;False;False;False;False;False;False;False;False;False;False;False;False;False;False;False;False;False;False;False;False;False;False;False;False;False;False;False;False;False;False;False;False;False;False;False;False;False;False;False;False;False;False;False;False;False;False;False;False;False;False;False;False;False;False;False;False;False;False;False;False;False;False;False;False;False;False;False;False;False;False;False;False;False;False;False;False;False;False;False;False;False;False;False;False;False;False;False;False;False;False;False;False;False;False;False;False;False;False;False;False;False;False;False;False;False;False;False;False;False;False;False;False;False;False;False;False;False;False;False;False;False;False;False;False;False;False;False;False;False;False;False;False;False;False;False;False;False;False;False;False;False;False;False;False;False;False;False;False;False;False;False;False;False;False;False;False;False;0.6507267951965332;0.06;1;18;41285.443685513535;0.06;0.2505061626434326
2732;86.2;77.2;143.0;59.0;56.7;108.9;99.8;136.2;138.4;154.3;0;0;211.0;154.3;251.9;79.4;0;265.5;145.2;102.1;0;0;0;0;86.2;77.2;143.0;59.0;56.7;108.9;99.8;136.2;138.4;154.3;0;0;211.0;154.3;251.9;79.4;0;265.5;145.2;102.1;0;0;0;0;86.2;77.2;143.0;59.0;56.7;108.9;99.8;136.2;138.4;154.3;0;0;211.0;154.3;251.9;79.4;0;265.5;145.2;102.1;0;0;0;0;0;0;224.76857290000004;0;0;0;0;0;0;0;0;0;0;0;136.2829076;0;263.2905751;273.75290730000006;87.30144242;293.9986993;312.1771512;93.09200358;0;163.08807130000002;0;0;233.52848980000002;0;0;0;0;0;0;0;0;0;204.1754493;195.27164030000003;0;0;0;0;0;77.46027139;357.6087925;0;0;296.6317564;0;77.42622668;0;0;0;0;114.04534740000001;0;0;68.94686046;0;0;0;0;0;0;0;0;0;0;0;0;0;0;0;0;1;-1;-1;-1;-1;-1;1;-1;-1;1;-1;1;-1;-1;-1;-1;-1;-1;1;-1;-1;-1;1;1;-1;-1;1;-1;-1;-1;-1;-1;-1;-1;-1;-1;-1;-1;1;-1;-1;-1;-1;-1;-1;-1;-1;1;1;1;-1;-1;-1;-1;1;1;-1;-1;-1;-1;-1;-1;-1;-1;1;-1;-1;-1;-1;-1;-1;-1;-1;-1;-1;-1;-1;-1;-1;-1;-1;-1;-1;-1;-1;-1;-1;1;-1;-1;-1;-1;-1;-1;-1;-1;-1;-1;-1;-1;-1;-1;1;-1;-1;-1;-1;-1;-1;-1;-1;-1;-1;-1;-1;-1;-1;-1;-1;-1;-1;-1;-1;-1;-1;-1;-1;-1;-1;-1;-1;-1;-1;-1;-1;-1;-1;-1;-1;-1;-1;-1;-1;-1;-1;-1;-1;-1;-1;-1;-1;-1;-1;-1;-1;-1;-1;-1;-1;-1;-1;-1;-1;-1;-1;-1;-1;-1;-1;-1;-1;-1;-1;-1;-1;-1;-1;-1;-1;-1;-1;-1;-1;-1;-1;-1;-1;-1;-1;-1;-1;-1;-1;-1;-1;-1;-1;-1;-1;-1;-1;-1;-1;-1;-1;-1;-1;-1;-1;-1;-1;-1;-1;-1;-1;-1;-1;-1;-1;-1;-1;-1;-1;-1;-1;-1;-1;-1;-1;-1;-1;-1;-1;-1;-1;-1;-1;-1;1;-1;False;False;False;False;False;False;False;False;False;False;False;False;False;False;False;False;False;False;False;False;False;False;False;False;False;False;False;False;False;False;False;False;False;False;False;False;False;False;False;False;False;False;False;False;False;False;False;False;True;False;False;False;False;False;False;False;False;False;False;False;False;False;False;False;False;False;False;False;False;False;False;False;False;False;False;False;False;False;False;False;False;False;False;False;False;False;False;False;False;False;False;False;False;False;False;False;False;False;False;False;False;False;False;False;False;False;False;False;False;False;False;False;False;False;False;False;False;False;False;False;False;False;False;False;False;False;False;False;False;False;False;False;False;False;False;False;False;False;False;False;False;False;False;False;False;False;False;False;False;False;False;False;False;False;False;False;False;False;False;False;False;False;False;False;False;False;False;False;False;False;False;False;False;False;False;False;False;False;False;False;False;False;False;False;False;False;False;False;False;False;False;False;False;False;False;False;False;False;False;False;False;False;False;False;False;False;False;False;False;False;False;False;False;False;False;False;False;False;False;False;False;False;False;False;False;False;False;False;False;False;False;False;False;False;False;False;False;False;False;False;0.8305268287658691;0.06;1;18;37367.86849478247;0.06;0.1777815818786621
2733;80.8;72.3;134.0;55.3;53.2;102.1;93.6;127.6;129.8;144.7;0;0;197.8;144.7;236.1;74.5;0;248.9;136.2;95.7;0;0;0;0;80.8;72.3;134.0;55.3;53.2;102.1;93.6;127.6;129.8;144.7;0;0;197.8;144.7;236.1;74.5;0;248.9;136.2;95.7;0;0;0;0;80.8;72.3;134.0;55.3;53.2;102.1;93.6;127.6;129.8;144.7;0;0;197.8;144.7;236.1;74.5;0;248.9;136.2;95.7;0;0;0;0;0;0;217.119002;0;0;0;0;0;0;0;0;0;0;0;136.0488957;0;271.73581349999995;258.42214029999997;92.77983271;318.13951789999993;309.92318880000005;97.97982528;0;173.7409906;0;0;227.38493509999998;0;0;0;0;0;0;0;0;0;205.32704280000002;188.0058466;0;0;0;0;0;75.41248079;358.7317183;0;0;312.41017810000005;0;78.15473248;0;0;0;0;119.31368629999999;0;0;75.36975318;0;0;0;0;0;0;0;0;0;0;0;0;0;0;0;0;1;-1;-1;-1;-1;-1;1;-1;-1;-1;-1;1;-1;-1;-1;-1;-1;-1;1;-1;-1;-1;1;1;-1;-1;1;-1;-1;-1;-1;-1;-1;-1;-1;-1;-1;-1;1;-1;-1;-1;-1;-1;-1;-1;-1;-1;1;1;-1;-1;-1;-1;1;-1;-1;-1;-1;-1;-1;-1;-1;-1;1;-1;-1;-1;-1;-1;-1;-1;-1;-1;-1;-1;-1;-1;-1;-1;-1;-1;-1;-1;-1;-1;-1;1;-1;-1;-1;-1;-1;-1;-1;-1;-1;-1;-1;-1;-1;-1;1;-1;-1;-1;-1;-1;-1;-1;-1;-1;-1;-1;-1;-1;-1;-1;-1;-1;-1;-1;-1;-1;-1;-1;-1;-1;-1;-1;-1;-1;-1;-1;-1;-1;-1;-1;-1;-1;-1;-1;-1;-1;-1;-1;-1;-1;-1;-1;-1;-1;-1;-1;-1;-1;-1;-1;-1;-1;-1;-1;-1;-1;-1;-1;-1;-1;-1;-1;-1;-1;-1;-1;-1;-1;-1;-1;-1;-1;-1;-1;-1;-1;-1;-1;-1;-1;-1;-1;-1;-1;-1;-1;-1;-1;-1;-1;-1;-1;-1;-1;-1;-1;-1;-1;-1;-1;-1;-1;-1;-1;-1;-1;-1;-1;-1;-1;-1;-1;-1;-1;-1;-1;-1;-1;-1;-1;-1;-1;-1;-1;-1;-1;-1;-1;-1;-1;1;-1;False;False;False;False;False;False;False;False;False;False;False;False;False;False;False;False;False;False;False;False;False;False;False;False;False;False;False;False;False;False;False;False;False;False;False;False;False;False;False;False;False;False;False;False;False;False;False;False;True;False;False;False;False;False;False;False;False;False;False;False;False;False;False;False;False;False;False;False;False;False;False;False;False;False;False;False;False;False;False;False;False;False;False;False;False;False;False;False;False;False;False;False;False;False;False;False;False;False;False;False;False;False;False;False;False;False;False;False;False;False;False;False;False;False;False;False;False;False;False;False;False;False;False;False;False;False;False;False;False;False;False;False;False;False;False;False;False;False;False;False;False;False;False;False;False;False;False;False;False;False;False;False;False;False;False;False;False;False;False;False;False;False;False;False;False;False;False;False;False;False;False;False;False;False;False;False;False;False;False;False;False;False;False;False;False;False;False;False;False;False;False;False;False;False;False;False;False;False;False;False;False;False;False;False;False;False;False;False;False;False;False;False;False;False;False;False;False;False;False;False;False;False;False;False;False;False;False;False;False;False;False;False;False;False;False;False;False;False;False;False;0.8259561061859131;0.03;1;15;30121.853703416866;0.03;0.25977277755737305
2734;71.9;64.3;119.1;49.2;47.3;90.8;83.2;113.5;115.4;128.6;0;0;175.9;128.6;209.9;66.2;0;221.3;121.0;85.1;0;0;0;0;71.9;64.3;119.1;49.2;47.3;90.8;83.2;113.5;115.4;128.6;0;0;175.9;128.6;209.9;66.2;0;221.3;121.0;85.1;0;0;0;0;71.9;64.3;119.1;49.2;47.3;90.8;83.2;113.5;115.4;128.6;0;0;175.9;128.6;209.9;66.2;0;221.3;121.0;85.1;0;0;0;0;0;0;194.04015769999998;0;0;0;0;0;0;0;0;0;0;0;142.1060876;0;252.61685730000002;246.03808430000004;85.44864964;314.938569;313.3500111;92.09308898;0;173.0355602;0;0;208.49466030000002;0;0;0;0;0;0;0;0;0;195.4095931;189.5321167;0;0;0;0;0;76.3383242;350.0121395;0;0;314.1250813000001;0;77.00340109;0;0;0;0;130.4544236;0;0;75.87124033;0;0;0;0;0;0;0;0;0;0;0;0;0;0;0;0;1;-1;-1;-1;-1;-1;1;-1;-1;-1;-1;1;-1;-1;-1;-1;-1;-1;1;-1;-1;-1;1;1;-1;-1;-1;-1;-1;-1;-1;-1;-1;-1;-1;-1;-1;-1;1;-1;-1;-1;-1;-1;-1;-1;-1;-1;-1;1;-1;-1;-1;-1;1;-1;-1;-1;-1;-1;-1;-1;-1;-1;1;1;-1;-1;-1;-1;-1;-1;-1;-1;-1;-1;-1;-1;-1;-1;-1;-1;-1;-1;-1;-1;-1;1;-1;-1;-1;-1;-1;-1;-1;-1;-1;-1;-1;-1;-1;-1;1;-1;-1;-1;-1;-1;-1;-1;-1;-1;-1;-1;-1;-1;-1;-1;-1;-1;-1;-1;-1;-1;-1;-1;-1;-1;-1;-1;-1;-1;-1;-1;-1;-1;-1;-1;-1;-1;-1;-1;-1;-1;-1;-1;-1;-1;-1;-1;-1;-1;-1;-1;-1;-1;-1;-1;-1;-1;-1;-1;-1;-1;-1;-1;-1;-1;-1;-1;-1;-1;-1;-1;-1;-1;-1;-1;-1;-1;-1;-1;-1;-1;-1;-1;-1;-1;-1;-1;-1;-1;-1;-1;-1;-1;-1;-1;-1;-1;-1;-1;-1;-1;-1;-1;-1;-1;-1;-1;-1;-1;-1;-1;-1;-1;-1;-1;-1;-1;-1;-1;-1;-1;-1;-1;-1;-1;-1;-1;-1;-1;-1;-1;-1;-1;-1;-1;1;-1;False;False;False;False;False;False;False;False;False;False;False;False;False;False;False;False;False;False;False;False;False;False;False;False;False;False;False;False;False;False;False;False;False;False;False;False;False;False;False;False;False;False;False;False;False;False;False;False;False;False;False;False;False;False;False;False;False;False;False;False;False;False;False;False;False;False;False;False;False;False;False;False;False;False;False;False;False;False;False;False;False;False;False;False;False;False;False;False;False;False;False;False;False;False;False;False;False;False;False;False;False;False;False;False;False;False;False;False;False;False;False;False;False;False;False;False;False;False;False;False;False;False;False;False;False;False;False;False;False;False;False;False;False;False;False;False;False;False;False;False;False;False;False;False;False;False;False;False;False;False;False;False;False;False;False;False;False;False;False;False;False;False;False;False;False;False;False;False;False;False;False;False;False;False;False;False;False;False;False;False;False;False;False;False;False;False;False;False;False;False;False;False;False;False;False;False;False;False;False;False;False;False;False;False;False;False;False;False;False;False;False;False;False;False;False;False;False;False;False;False;False;False;False;False;False;False;False;False;False;False;False;False;False;False;False;False;False;False;False;False;0;0;0;14;22485.01467708489;0.04;0.13462543487548828
2735;62.9;56.3;104.2;43.0;41.4;79.4;72.8;99.3;100.9;112.5;0;0;153.9;112.5;183.7;57.9;0;193.6;105.9;74.5;0;0;0;0;62.9;56.3;104.2;43.0;41.4;79.4;72.8;99.3;100.9;112.5;0;0;153.9;112.5;183.7;57.9;0;193.6;105.9;74.5;0;0;0;0;62.9;56.3;104.2;43.0;41.4;79.4;72.8;99.3;100.9;112.5;0;0;153.9;112.5;183.7;57.9;0;193.6;105.9;74.5;0;0;0;0;0;0;164.03244730000003;0;0;0;0;0;0;0;0;0;0;0;140.88153169999995;0;260.9687731;260.3267029;83.42839087;309.1272538;309.2829019;86.73316166;0;168.30535680000003;0;0;192.90099850000001;0;0;0;0;0;0;0;0;0;175.18356980000001;182.4931881;0;0;0;0;0;72.59087265;334.9548132;0;0;298.5372423;0;76.23627107;0;0;0;0;122.0005662;0;0;70.67792891;0;0;0;0;0;0;0;0;0;0;0;0;0;0;0;0;1;-1;-1;-1;-1;-1;-1;-1;-1;-1;-1;-1;-1;-1;-1;-1;-1;-1;1;-1;-1;-1;-1;1;-1;-1;-1;-1;-1;-1;-1;-1;-1;-1;-1;-1;-1;-1;1;-1;-1;-1;-1;-1;-1;-1;-1;-1;-1;1;-1;-1;-1;-1;-1;-1;-1;-1;-1;-1;-1;-1;-1;-1;1;1;-1;-1;-1;-1;-1;-1;-1;-1;-1;-1;-1;-1;-1;-1;-1;-1;-1;-1;-1;-1;-1;1;-1;-1;-1;-1;-1;-1;-1;-1;-1;-1;-1;-1;-1;-1;1;-1;-1;-1;-1;-1;-1;-1;-1;-1;-1;-1;-1;-1;-1;-1;-1;-1;-1;-1;-1;-1;-1;-1;-1;-1;-1;-1;-1;-1;-1;-1;-1;-1;-1;-1;-1;-1;-1;-1;-1;-1;-1;-1;-1;-1;-1;-1;-1;-1;-1;-1;-1;-1;-1;-1;-1;-1;-1;-1;-1;-1;-1;-1;-1;-1;-1;-1;-1;-1;-1;-1;-1;-1;-1;-1;-1;-1;-1;-1;-1;-1;-1;-1;-1;-1;-1;-1;-1;-1;-1;-1;-1;-1;-1;-1;-1;-1;-1;-1;-1;-1;-1;-1;-1;-1;-1;-1;-1;-1;-1;-1;-1;-1;-1;-1;-1;-1;-1;-1;-1;-1;-1;-1;-1;-1;-1;-1;-1;-1;-1;-1;-1;-1;-1;-1;1;-1;False;False;False;False;False;False;False;False;False;False;False;False;False;False;False;False;False;False;False;False;False;False;False;False;False;False;False;False;False;False;False;False;False;False;False;False;False;False;False;False;False;False;False;False;False;False;False;False;False;False;False;False;False;False;False;False;False;False;False;False;False;False;False;False;False;False;False;False;False;False;False;False;False;False;False;False;False;False;False;False;False;False;False;False;False;False;False;True;False;False;False;False;False;False;False;False;False;False;False;False;False;False;False;False;False;False;False;False;False;False;False;False;False;False;False;False;False;False;False;False;False;False;False;False;False;False;False;False;False;False;False;False;False;False;False;False;False;False;False;False;False;False;False;False;False;False;False;False;False;False;False;False;False;False;False;False;False;False;False;False;False;False;False;False;False;False;False;False;False;False;False;False;False;False;False;False;False;False;False;False;False;False;False;False;False;False;False;False;False;False;False;False;False;False;False;False;False;False;False;False;False;False;False;False;False;False;False;False;False;False;False;False;False;False;False;False;False;False;False;False;False;False;False;False;False;False;False;False;False;False;False;False;False;False;False;False;False;False;False;False;0.8549118041992188;0.04;1;10;16162.329703329835;0.05;0.2455739974975586
2736;55.5;49.6;91.9;37.9;36.5;70.1;64.2;87.6;89.0;99.2;0;0;135.7;99.2;162.0;51.1;0;170.8;93.4;65.7;0;0;0;0;55.5;49.6;91.9;37.9;36.5;70.1;64.2;87.6;89.0;99.2;0;0;135.7;99.2;162.0;51.1;0;170.8;93.4;65.7;0;0;0;0;55.5;49.6;91.9;37.9;36.5;70.1;64.2;87.6;89.0;99.2;0;0;135.7;99.2;162.0;51.1;0;170.8;93.4;65.7;0;0;0;0;0;0;66.81259819;0;0;0;0;0;0;0;0;0;0;0;78.85174199;0;139.9063344;130.9177209;47.6780841;165.5471407;156.6721336;46.61752274;0;91.63816463;0;0;69.78085942;0;0;0;0;0;0;0;0;0;88.80021825;76.27638370000003;0;0;0;0;0;30.76021827;161.2132236;0;0;164.7344689;0;25.72544154;0;0;0;0;58.86440963;0;0;36.09679115;0;0;0;0;0;0;0;0;0;0;0;0;0;0;0;0;-1;-1;-1;-1;-1;-1;-1;-1;-1;-1;-1;-1;-1;-1;-1;-1;-1;-1;-1;-1;-1;-1;-1;-1;-1;-1;1;-1;-1;-1;-1;-1;-1;-1;-1;-1;-1;-1;-1;-1;-1;-1;-1;-1;-1;-1;-1;-1;-1;-1;-1;-1;-1;-1;-1;-1;-1;-1;-1;-1;-1;-1;-1;-1;1;-1;-1;-1;-1;-1;-1;-1;-1;-1;-1;-1;-1;-1;-1;-1;-1;-1;-1;-1;-1;-1;-1;-1;-1;-1;-1;-1;-1;-1;-1;-1;-1;-1;-1;-1;-1;-1;1;-1;-1;-1;-1;-1;-1;-1;-1;-1;-1;-1;-1;-1;-1;-1;-1;-1;-1;-1;-1;-1;-1;-1;-1;-1;-1;-1;-1;-1;-1;-1;-1;-1;-1;-1;-1;-1;-1;-1;-1;-1;-1;-1;-1;-1;-1;-1;-1;-1;-1;-1;-1;-1;-1;-1;-1;-1;-1;-1;-1;-1;-1;-1;-1;-1;-1;-1;-1;-1;-1;-1;-1;-1;-1;-1;-1;-1;-1;-1;-1;-1;-1;-1;-1;-1;-1;-1;-1;-1;-1;-1;-1;-1;-1;-1;-1;-1;-1;-1;-1;-1;-1;-1;-1;-1;-1;-1;-1;-1;-1;-1;-1;-1;-1;-1;-1;-1;-1;-1;-1;-1;-1;-1;-1;-1;-1;-1;-1;-1;-1;-1;-1;-1;-1;-1;1;-1;False;False;False;False;False;False;False;False;False;False;False;False;False;False;False;False;False;False;False;False;False;False;False;False;False;False;False;False;False;False;False;False;False;False;False;False;False;False;False;False;False;False;False;False;False;False;False;False;False;False;False;False;False;False;False;False;False;False;False;False;False;False;False;False;False;False;False;False;False;False;False;False;False;False;False;False;False;False;False;False;False;False;False;False;False;False;False;False;False;False;False;False;False;False;False;False;False;False;False;False;False;False;False;False;False;False;False;False;False;False;False;False;False;False;False;False;False;False;False;False;False;False;False;False;False;False;False;False;False;False;False;False;False;False;False;False;False;False;False;False;False;False;False;False;False;False;False;False;False;False;False;False;False;False;False;False;False;False;False;False;False;False;False;False;False;False;False;False;False;False;False;False;False;False;False;False;False;False;False;False;False;False;False;False;False;False;False;False;False;False;False;False;False;False;False;False;False;False;False;False;False;False;False;False;False;False;False;False;False;False;False;False;False;False;False;False;False;False;False;False;False;False;False;False;False;False;False;False;False;False;False;False;False;False;False;False;False;False;False;False;0;0;0;4;24737.610647787154;0.03;0.13060832023620605
2737;54.6;48.8;90.5;37.3;35.9;68.9;63.2;86.2;87.6;97.7;0;0;133.6;97.7;159.4;50.3;0;168.0;91.9;64.6;0;0;0;0;54.6;48.8;90.5;37.3;35.9;68.9;63.2;86.2;87.6;97.7;0;0;133.6;97.7;159.4;50.3;0;168.0;91.9;64.6;0;0;0;0;54.6;48.8;90.5;37.3;35.9;68.9;63.2;86.2;87.6;97.7;0;0;133.6;97.7;159.4;50.3;0;168.0;91.9;64.6;0;0;0;0;0;0;69.17203565;0;0;0;0;0;0;0;0;0;0;0;83.60543670000001;0;175.4855063;167.34840569999997;78.36303202;181.5414581;193.06045500000002;69.88209021;0;95.59317903;0;0;77.34366868;0;0;0;0;0;0;0;0;0;88.21136838;77.94421627;0;0;0;0;0;33.78453798;154.4147919;0;0;173.5263545;0;30.65776664;0;0;0;0;61.62777967;0;0;33.87902722;0;0;0;0;0;0;0;0;0;0;0;0;0;0;0;0;-1;-1;-1;-1;-1;-1;-1;-1;-1;-1;-1;-1;-1;-1;-1;-1;-1;-1;-1;-1;-1;-1;1;-1;-1;-1;1;-1;-1;-1;-1;-1;-1;-1;-1;-1;-1;-1;-1;-1;-1;-1;-1;-1;-1;-1;-1;-1;-1;-1;-1;-1;-1;-1;-1;-1;-1;-1;-1;-1;-1;-1;-1;-1;1;-1;-1;-1;-1;-1;-1;-1;-1;-1;-1;-1;-1;-1;-1;-1;-1;-1;-1;-1;-1;-1;-1;-1;-1;-1;-1;-1;-1;-1;-1;-1;-1;-1;-1;-1;-1;-1;1;-1;-1;-1;-1;-1;-1;-1;-1;-1;-1;-1;-1;-1;-1;-1;-1;-1;-1;-1;-1;-1;-1;-1;-1;-1;-1;-1;-1;-1;-1;-1;-1;-1;-1;-1;-1;-1;-1;-1;-1;-1;-1;-1;-1;-1;-1;-1;-1;-1;-1;-1;-1;-1;-1;-1;-1;-1;-1;-1;-1;-1;-1;-1;-1;-1;-1;-1;-1;-1;-1;-1;-1;-1;-1;-1;-1;-1;-1;-1;-1;-1;-1;-1;-1;-1;-1;-1;-1;-1;-1;-1;-1;-1;-1;-1;-1;-1;-1;-1;-1;-1;-1;-1;-1;-1;-1;-1;-1;-1;-1;-1;-1;-1;-1;-1;-1;-1;-1;-1;-1;-1;-1;-1;-1;-1;-1;-1;-1;-1;-1;-1;-1;-1;-1;-1;1;-1;False;False;False;False;False;False;False;False;False;False;False;False;False;False;False;False;False;False;False;False;False;False;False;False;False;False;False;False;False;False;False;False;False;False;False;False;False;False;False;False;False;False;False;False;False;False;False;False;False;False;False;False;False;False;False;False;False;False;False;False;False;False;False;False;False;False;False;False;False;False;False;False;False;False;False;False;False;False;False;False;False;False;False;False;False;False;False;False;False;False;False;False;False;False;False;False;False;False;False;False;False;False;False;False;False;False;False;False;False;False;False;False;False;False;False;False;False;False;False;False;False;False;False;False;False;False;False;False;False;False;False;False;False;False;False;False;False;False;False;False;False;False;False;False;False;False;False;False;False;False;False;False;False;False;False;False;False;False;False;False;False;False;False;False;False;False;False;False;False;False;False;False;False;False;False;False;False;False;False;False;False;False;False;False;False;False;False;False;False;False;False;False;False;False;False;False;False;False;False;False;False;False;False;False;False;False;False;False;False;False;False;False;False;False;False;False;False;False;False;False;False;False;False;False;False;False;False;False;False;False;False;False;False;False;False;False;False;False;False;False;0;0;0;5;21761.517608556063;0.01;0.16726899147033691
2738;52.8;47.3;87.6;36.1;34.7;66.7;61.2;83.4;84.8;94.5;0;0;129.3;94.5;154.3;48.6;0;162.6;89.0;62.5;0;0;0;0;52.8;47.3;87.6;36.1;34.7;66.7;61.2;83.4;84.8;94.5;0;0;129.3;94.5;154.3;48.6;0;162.6;89.0;62.5;0;0;0;0;52.8;47.3;87.6;36.1;34.7;66.7;61.2;83.4;84.8;94.5;0;0;129.3;94.5;154.3;48.6;0;162.6;89.0;62.5;0;0;0;0;0;0;66.41219993;0;0;0;0;0;0;0;0;0;0;0;96.82244150000001;0;199.7798541;179.9114906;103.4092107;222.80925770000002;231.2589429;96.62277679;0;113.15126140000001;0;0;94.38099463;0;0;0;0;0;0;0;0;0;90.24081826;81.26959562;0;0;0;0;0;36.82478407;170.41716269999995;0;0;199.4043645;0;29.7184043;0;0;0;0;63.66064924;0;0;35.36258024;0;0;0;0;0;0;0;0;0;0;0;0;0;0;0;0;-1;-1;-1;-1;-1;-1;-1;-1;-1;-1;-1;-1;-1;-1;-1;-1;-1;-1;-1;-1;-1;-1;1;-1;-1;-1;1;-1;-1;-1;-1;-1;-1;-1;-1;-1;-1;-1;-1;-1;-1;-1;-1;-1;-1;-1;-1;-1;-1;-1;-1;-1;-1;-1;-1;-1;-1;-1;-1;-1;-1;-1;-1;-1;1;-1;-1;-1;-1;-1;-1;-1;-1;-1;-1;-1;-1;-1;-1;-1;-1;-1;-1;-1;-1;-1;-1;-1;-1;-1;-1;-1;-1;-1;-1;-1;-1;-1;-1;-1;-1;-1;1;-1;-1;-1;-1;-1;-1;-1;-1;-1;-1;-1;-1;-1;-1;-1;-1;-1;-1;-1;-1;-1;-1;-1;-1;-1;-1;-1;-1;-1;-1;-1;-1;-1;-1;-1;-1;-1;-1;-1;-1;-1;-1;-1;-1;-1;-1;-1;-1;-1;-1;-1;-1;-1;-1;-1;-1;-1;-1;-1;-1;-1;-1;-1;-1;-1;-1;-1;-1;-1;-1;-1;-1;-1;-1;-1;-1;-1;-1;-1;-1;-1;-1;-1;-1;-1;-1;-1;-1;-1;-1;-1;-1;-1;-1;-1;-1;-1;-1;-1;-1;-1;-1;-1;-1;-1;-1;-1;-1;-1;-1;-1;-1;-1;-1;-1;-1;-1;-1;-1;-1;-1;-1;-1;-1;-1;-1;-1;-1;-1;-1;-1;-1;-1;-1;-1;1;-1;False;False;False;False;False;False;False;False;False;False;False;False;False;False;False;False;False;False;False;False;False;False;False;False;False;False;False;False;False;False;False;False;False;False;False;False;False;False;False;False;False;False;False;False;False;False;False;False;False;False;False;False;False;False;False;False;False;False;False;False;False;False;False;False;False;False;False;False;False;False;False;False;False;False;False;False;False;False;False;False;False;False;False;False;False;False;False;False;False;False;False;False;False;False;False;False;False;False;False;False;False;False;False;False;False;False;False;False;False;False;False;False;False;False;False;False;False;False;False;False;False;False;False;False;False;False;False;False;False;False;False;False;False;False;False;False;False;False;False;False;False;False;False;False;False;False;False;False;False;False;False;False;False;False;False;False;False;False;False;False;False;False;False;False;False;False;False;False;False;False;False;False;False;False;False;False;False;False;False;False;False;False;False;False;False;False;False;False;False;False;False;False;False;False;False;False;False;False;False;False;False;False;False;False;False;False;False;False;False;False;False;False;False;False;False;False;False;False;False;False;False;False;False;False;False;False;False;False;False;False;False;False;False;False;False;False;False;False;False;False;0;0;0;5;17650.73295000011;0.01;0.15031075477600098
2739;51.1;45.7;84.6;34.9;33.6;64.5;59.1;80.6;82.0;91.4;0;0;125.0;91.4;149.1;47.0;0;157.2;86.0;60.5;0;0;0;0;51.1;45.7;84.6;34.9;33.6;64.5;59.1;80.6;82.0;91.4;0;0;125.0;91.4;149.1;47.0;0;157.2;86.0;60.5;0;0;0;0;51.1;45.7;84.6;34.9;33.6;64.5;59.1;80.6;82.0;91.4;0;0;125.0;91.4;149.1;47.0;0;157.2;86.0;60.5;0;0;0;0;0;0;82.95966401;0;0;0;0;0;0;0;0;0;0;0;107.5391858;0;207.5078647;205.2802605;104.523845;240.80483019999997;249.23498430000004;114.5083769;0;126.7656017;0;0;101.05296;0;0;0;0;0;0;0;0;0;91.97164019;77.56059629;0;0;0;0;0;37.47021856;162.45834680000004;0;0;217.1436526;0;33.49742851;0;0;0;0;73.62052961;0;0;34.82952124;0;0;0;0;0;0;0;0;0;0;0;0;0;0;0;0;-1;-1;-1;-1;-1;-1;-1;-1;-1;-1;-1;-1;-1;-1;-1;-1;-1;-1;-1;-1;-1;-1;-1;-1;-1;-1;1;-1;-1;-1;-1;-1;-1;-1;-1;-1;-1;-1;-1;-1;-1;-1;-1;-1;-1;-1;-1;-1;-1;-1;-1;-1;-1;-1;-1;-1;-1;-1;-1;-1;-1;-1;-1;-1;1;-1;-1;-1;-1;-1;-1;-1;-1;-1;-1;-1;-1;-1;-1;-1;-1;-1;-1;-1;-1;-1;-1;-1;-1;-1;-1;-1;-1;-1;-1;-1;-1;-1;-1;-1;-1;-1;1;-1;-1;-1;-1;-1;-1;-1;-1;-1;-1;-1;-1;-1;-1;-1;-1;-1;-1;-1;-1;-1;-1;-1;-1;-1;-1;-1;-1;-1;-1;-1;-1;-1;-1;-1;-1;-1;-1;-1;-1;-1;-1;-1;-1;-1;-1;-1;-1;-1;-1;-1;-1;-1;-1;-1;-1;-1;-1;-1;-1;-1;-1;-1;-1;-1;-1;-1;-1;-1;-1;-1;-1;-1;-1;-1;-1;-1;-1;-1;-1;-1;-1;-1;-1;-1;-1;-1;-1;-1;-1;-1;-1;-1;-1;-1;-1;-1;-1;-1;-1;-1;-1;-1;-1;-1;-1;-1;-1;-1;-1;-1;-1;-1;-1;-1;-1;-1;-1;-1;-1;-1;-1;-1;-1;-1;-1;-1;-1;-1;-1;-1;-1;-1;-1;-1;1;-1;False;False;False;False;False;False;False;False;False;False;False;False;False;False;False;False;False;False;False;False;False;False;False;False;False;False;False;False;False;False;False;False;False;False;False;False;False;False;False;False;False;False;False;False;False;False;False;False;False;False;False;False;False;False;False;False;False;False;False;False;False;False;False;False;False;False;False;False;False;False;False;False;False;False;False;False;False;False;False;False;False;False;False;False;False;False;False;False;False;False;False;False;False;False;False;False;False;False;False;False;False;False;False;False;False;False;False;False;False;False;False;False;False;False;False;False;False;False;False;False;False;False;False;False;False;False;False;False;False;False;False;False;False;False;False;False;False;False;False;False;False;False;False;False;False;False;False;False;False;False;False;False;False;False;False;False;False;False;False;False;False;False;False;False;False;False;False;False;False;False;False;False;False;False;False;False;False;False;False;False;False;False;False;False;False;False;False;False;False;False;False;False;False;False;False;False;False;False;False;False;False;False;False;False;False;False;False;False;False;False;False;False;False;False;False;False;False;False;False;False;False;False;False;False;False;False;False;False;False;False;False;False;False;False;False;False;False;False;False;False;0;0;0;4;14944.442918602403;0.01;0.18681645393371582
2740;51.9;46.5;86.1;35.5;34.2;65.6;60.1;82.0;83.4;92.9;0;0;127.1;92.9;151.7;47.8;0;159.9;87.5;61.5;0;0;0;0;51.9;46.5;86.1;35.5;34.2;65.6;60.1;82.0;83.4;92.9;0;0;127.1;92.9;151.7;47.8;0;159.9;87.5;61.5;0;0;0;0;51.9;46.5;86.1;35.5;34.2;65.6;60.1;82.0;83.4;92.9;0;0;127.1;92.9;151.7;47.8;0;159.9;87.5;61.5;0;0;0;0;0;0;90.02788258;0;0;0;0;0;0;0;0;0;0;0;105.0017043;0;214.75880550000002;206.7138055;107.8134239;247.06503999999998;235.9280426;111.94689869999999;0;126.29023500000001;0;0;109.29951740000001;0;0;0;0;0;0;0;0;0;96.30410554;78.10953375;0;0;0;0;0;43.66871386;155.319022;0;0;210.3740433;0;38.58253313;0;0;0;0;69.77241937;0;0;35.00274622;0;0;0;0;0;0;0;0;0;0;0;0;0;0;0;0;-1;-1;-1;-1;-1;-1;-1;-1;-1;-1;-1;-1;-1;-1;-1;-1;-1;-1;-1;-1;-1;-1;-1;-1;-1;-1;1;-1;-1;-1;-1;-1;-1;-1;-1;-1;-1;-1;-1;-1;-1;-1;-1;-1;-1;-1;-1;-1;-1;-1;-1;-1;-1;-1;-1;-1;-1;-1;-1;-1;-1;-1;-1;-1;1;-1;-1;-1;-1;-1;-1;-1;-1;-1;-1;-1;-1;-1;-1;-1;-1;-1;-1;-1;-1;-1;-1;-1;-1;-1;-1;-1;-1;-1;-1;-1;-1;-1;-1;-1;-1;-1;1;-1;-1;-1;-1;-1;-1;-1;-1;-1;-1;-1;-1;-1;-1;-1;-1;-1;-1;-1;-1;-1;-1;-1;-1;-1;-1;-1;-1;-1;-1;-1;-1;-1;-1;-1;-1;-1;-1;-1;-1;-1;-1;-1;-1;-1;-1;-1;-1;-1;-1;-1;-1;-1;-1;-1;-1;-1;-1;-1;-1;-1;-1;-1;-1;-1;-1;-1;-1;-1;-1;-1;-1;-1;-1;-1;-1;-1;-1;-1;-1;-1;-1;-1;-1;-1;-1;-1;-1;-1;-1;-1;-1;-1;-1;-1;-1;-1;-1;-1;-1;-1;-1;-1;-1;-1;-1;-1;-1;-1;-1;-1;-1;-1;-1;-1;-1;-1;-1;-1;-1;-1;-1;-1;-1;-1;-1;-1;-1;-1;-1;-1;-1;-1;-1;-1;1;-1;False;False;False;False;False;False;False;False;False;False;False;False;False;False;False;False;False;False;False;False;False;False;False;False;False;False;False;False;False;False;False;False;False;False;False;False;False;False;False;False;False;False;False;False;False;False;False;False;False;False;False;False;False;False;False;False;False;False;False;False;False;False;False;False;False;False;False;False;False;False;False;False;False;False;False;False;False;False;False;False;False;False;False;False;False;False;False;False;False;False;False;False;False;False;False;False;False;False;False;False;False;False;False;False;False;False;False;False;False;False;False;False;False;False;False;False;False;False;False;False;False;False;False;False;False;False;False;False;False;False;False;False;False;False;False;False;False;False;False;False;False;False;False;False;False;False;False;False;False;False;False;False;False;False;False;False;False;False;False;False;False;False;False;False;False;False;False;False;False;False;False;False;False;False;False;False;False;False;False;False;False;False;False;False;False;False;False;False;False;False;False;False;False;False;False;False;False;False;False;False;False;False;False;False;False;False;False;False;False;False;False;False;False;False;False;False;False;False;False;False;False;False;False;False;False;False;False;False;False;False;False;False;False;False;False;False;False;False;False;False;0;0;0;4;15575.693532416659;0.03;0.2693660259246826
2741;57.2;51.2;94.9;39.1;37.6;72.3;66.3;90.3;91.8;102.4;0;0;140.0;102.4;167.1;52.7;0;176.2;96.4;67.8;0;0;0;0;57.2;51.2;94.9;39.1;37.6;72.3;66.3;90.3;91.8;102.4;0;0;140.0;102.4;167.1;52.7;0;176.2;96.4;67.8;0;0;0;0;57.2;51.2;94.9;39.1;37.6;72.3;66.3;90.3;91.8;102.4;0;0;140.0;102.4;167.1;52.7;0;176.2;96.4;67.8;0;0;0;0;0;0;78.75814045;0;0;0;0;0;0;0;0;0;0;0;105.31156440000001;0;202.71558230000002;202.01790730000002;108.0786443;214.8430711;229.35050619999998;108.5639299;0;112.79546200000001;0;0;122.4162511;0;0;0;0;0;0;0;0;0;108.71678529999998;72.34604978;0;0;0;0;0;46.80444487;154.89914819999996;0;0;199.8637601;0;41.23507070000001;0;0;0;0;74.93903779;0;0;35.14270967;0;0;0;0;0;0;0;0;0;0;0;0;0;0;0;0;-1;-1;-1;-1;-1;-1;-1;-1;-1;-1;-1;-1;-1;-1;-1;-1;-1;-1;-1;-1;-1;-1;1;-1;-1;-1;1;-1;-1;-1;-1;-1;-1;-1;-1;-1;-1;-1;-1;-1;-1;-1;-1;-1;-1;-1;-1;-1;-1;-1;-1;-1;-1;-1;-1;-1;-1;-1;-1;-1;-1;-1;-1;-1;1;-1;-1;-1;-1;-1;-1;-1;-1;-1;-1;-1;-1;-1;-1;-1;-1;-1;-1;-1;-1;-1;-1;-1;-1;-1;-1;-1;-1;-1;-1;-1;-1;-1;-1;-1;-1;-1;1;-1;-1;-1;-1;-1;-1;-1;-1;-1;-1;-1;-1;-1;-1;-1;-1;-1;-1;-1;-1;-1;-1;-1;-1;-1;-1;-1;-1;-1;-1;-1;-1;-1;-1;-1;-1;-1;-1;-1;-1;-1;-1;-1;-1;-1;-1;-1;-1;-1;-1;-1;-1;-1;-1;-1;-1;-1;-1;-1;-1;-1;-1;-1;-1;-1;-1;-1;-1;-1;-1;-1;-1;-1;-1;-1;-1;-1;-1;-1;-1;-1;-1;-1;-1;-1;-1;-1;-1;-1;-1;-1;-1;-1;-1;-1;-1;-1;-1;-1;-1;-1;-1;-1;-1;-1;-1;-1;-1;-1;-1;-1;-1;-1;-1;-1;-1;-1;-1;-1;-1;-1;-1;-1;-1;-1;-1;-1;-1;-1;-1;-1;-1;-1;-1;-1;1;-1;False;False;False;False;False;False;False;False;False;False;False;False;False;False;False;False;False;False;False;False;False;False;False;False;False;False;False;False;False;False;False;False;False;False;False;False;False;False;False;False;False;False;False;False;False;False;False;False;False;False;False;False;False;False;False;False;False;False;False;False;False;False;False;False;False;False;False;False;False;False;False;False;False;False;False;False;False;False;False;False;False;False;False;False;False;False;False;False;False;False;False;False;False;False;False;False;False;False;False;False;False;False;False;False;False;False;False;False;False;False;False;False;False;False;False;False;False;False;False;False;False;False;False;False;False;False;False;False;False;False;False;False;False;False;False;False;False;False;False;False;False;False;False;False;False;False;False;False;False;False;False;False;False;False;False;False;False;False;False;False;False;False;False;False;False;False;False;False;False;False;False;False;False;False;False;False;False;False;False;False;False;False;False;False;False;False;False;False;False;False;False;False;False;False;False;False;False;False;False;False;False;False;False;False;False;False;False;False;False;False;False;False;False;False;False;False;False;False;False;False;False;False;False;False;False;False;False;False;False;False;False;False;False;False;False;False;False;False;False;False;0;0;0;5;20712.178546365758;0.02;0.374187707901001
2742;63.4;56.7;105.1;43.4;41.7;80.1;73.4;100.1;101.7;113.4;0;0;155.1;113.4;185.1;58.4;0;195.1;106.7;75.1;0;0;0;0;63.4;56.7;105.1;43.4;41.7;80.1;73.4;100.1;101.7;113.4;0;0;155.1;113.4;185.1;58.4;0;195.1;106.7;75.1;0;0;0;0;63.4;56.7;105.1;43.4;41.7;80.1;73.4;100.1;101.7;113.4;0;0;155.1;113.4;185.1;58.4;0;195.1;106.7;75.1;0;0;0;0;0;0;6.091695592000001;0;0;0;0;0;0;0;0;0;0;0;6.21299583;0;3.2387897160000003;2.863775354;2.533866136;8.355706976;11.10357347;1.4959753359999999;0;6.435434594;0;0;16.7433495;0;0;0;0;0;0;0;0;0;6.517788115;2.9895103589999996;0;0;0;0;0;4.294740916;13.1148094;0;0;4.544514517;0;0.821444717;0;0;0;0;5.085237587;0;0;2.892964845;0;0;0;0;0;0;0;0;0;0;0;0;0;0;0;0;-1;-1;-1;-1;-1;-1;-1;-1;-1;1;-1;-1;-1;-1;-1;-1;-1;-1;-1;-1;-1;-1;-1;-1;-1;-1;1;-1;-1;-1;-1;-1;-1;-1;-1;-1;-1;-1;-1;-1;-1;-1;-1;-1;-1;-1;-1;1;-1;-1;-1;-1;-1;-1;-1;-1;-1;-1;-1;-1;-1;-1;-1;-1;-1;-1;1;-1;-1;-1;-1;-1;-1;-1;-1;-1;-1;-1;-1;-1;-1;-1;-1;-1;-1;1;-1;-1;-1;-1;-1;-1;-1;-1;-1;-1;-1;-1;-1;-1;-1;-1;-1;-1;-1;-1;-1;-1;-1;-1;-1;-1;-1;-1;-1;-1;-1;-1;-1;-1;-1;-1;-1;-1;-1;-1;-1;-1;-1;-1;-1;-1;-1;-1;-1;-1;-1;-1;-1;-1;-1;-1;-1;-1;-1;-1;-1;-1;-1;-1;-1;-1;-1;-1;-1;-1;-1;-1;-1;-1;-1;-1;-1;-1;-1;-1;-1;-1;-1;-1;-1;-1;-1;-1;-1;-1;-1;-1;-1;-1;-1;-1;-1;-1;-1;-1;-1;-1;-1;-1;-1;-1;-1;-1;-1;-1;-1;-1;-1;-1;-1;-1;-1;-1;-1;-1;-1;-1;-1;-1;-1;-1;-1;-1;-1;-1;-1;-1;-1;-1;-1;-1;-1;-1;-1;-1;-1;-1;-1;-1;-1;-1;-1;-1;-1;-1;-1;-1;-1;-1;False;False;False;False;False;False;False;False;False;False;False;False;False;False;False;False;False;False;False;False;False;False;False;False;False;False;False;False;False;False;False;False;False;False;False;False;False;False;False;False;False;False;False;False;False;False;False;False;False;False;False;False;False;False;False;False;False;False;False;False;False;False;False;False;False;False;False;False;False;False;False;False;False;False;False;False;False;False;False;False;False;False;False;False;False;False;False;False;False;False;False;False;False;False;False;False;False;False;False;False;False;False;False;False;False;False;False;False;False;False;False;False;False;False;False;False;False;False;False;False;False;False;False;False;False;False;False;False;False;False;False;False;False;False;False;False;False;False;False;False;False;False;False;False;False;False;False;False;False;False;False;False;False;False;False;False;False;False;False;False;False;False;False;False;False;False;False;False;False;False;False;False;False;False;False;False;False;False;False;False;False;False;False;False;False;False;False;False;False;False;False;False;False;False;False;False;False;False;False;False;False;False;False;False;False;False;False;False;False;False;False;False;False;False;False;False;False;False;False;False;False;False;False;False;False;False;False;False;False;False;False;False;False;False;False;False;False;False;False;False;0;0;0;5;62598.74148708878;0.04;0.18102788925170898
2743;74.8;66.9;124.0;51.2;49.2;94.5;86.6;118.1;120.1;133.9;0;0;183.1;133.9;218.6;68.9;0;230.4;126.0;88.6;0;0;0;0;74.8;66.9;124.0;51.2;49.2;94.5;86.6;118.1;120.1;133.9;0;0;183.1;133.9;218.6;68.9;0;230.4;126.0;88.6;0;0;0;0;74.8;66.9;124.0;51.2;49.2;94.5;86.6;118.1;120.1;133.9;0;0;183.1;133.9;218.6;68.9;0;230.4;126.0;88.6;0;0;0;0;0;0;21.34668298;0;0;0;0;0;0;0;0;0;0;0;11.77248777;0;9.483268202;7.983877233999999;3.776117277;18.241646499999998;9.211731924;2.6470982640000003;0;13.54952081;0;0;27.34786307;0;0;0;0;0;0;0;0;0;9.2628791;13.69367752;0;0;0;0;0;11.17127771;23.18844255;0;0;8.997158087;0;4.762249707;0;0;0;0;17.46172365;0;0;2.469465626;0;0;0;0;0;0;0;0;0;0;0;0;0;0;0;0;-1;-1;-1;-1;-1;-1;-1;-1;-1;-1;-1;-1;-1;-1;-1;-1;-1;-1;-1;-1;-1;-1;-1;-1;-1;-1;-1;-1;-1;-1;-1;-1;-1;-1;-1;-1;-1;-1;-1;-1;-1;-1;-1;-1;-1;-1;-1;1;-1;-1;-1;-1;-1;-1;-1;-1;-1;-1;-1;-1;-1;-1;-1;-1;-1;-1;-1;-1;-1;-1;-1;-1;-1;-1;-1;-1;-1;-1;-1;-1;-1;-1;-1;-1;-1;1;-1;-1;-1;-1;-1;-1;-1;-1;-1;-1;-1;-1;-1;-1;-1;-1;-1;-1;-1;-1;-1;-1;-1;-1;-1;-1;-1;-1;-1;-1;-1;-1;-1;-1;-1;-1;-1;-1;-1;-1;-1;-1;-1;-1;-1;-1;-1;-1;-1;-1;-1;-1;-1;-1;-1;-1;-1;-1;-1;-1;-1;-1;-1;-1;-1;-1;-1;-1;-1;-1;-1;-1;-1;-1;-1;-1;-1;-1;-1;-1;-1;-1;-1;-1;-1;-1;-1;-1;-1;-1;-1;-1;-1;-1;-1;-1;-1;-1;-1;-1;-1;-1;-1;-1;-1;-1;-1;-1;-1;-1;-1;-1;-1;-1;-1;-1;-1;-1;-1;-1;-1;-1;-1;-1;-1;-1;-1;-1;-1;-1;-1;-1;-1;-1;-1;-1;-1;-1;-1;-1;-1;-1;-1;-1;-1;-1;-1;-1;-1;-1;-1;-1;-1;-1;False;False;False;False;False;False;False;False;False;False;False;False;False;False;False;False;False;False;False;False;False;False;False;False;False;False;False;False;False;False;False;False;False;False;False;False;False;False;False;False;False;False;False;False;False;False;False;False;False;False;False;False;False;False;False;False;False;False;False;False;False;False;False;False;False;False;False;False;False;False;False;False;False;False;False;False;False;False;False;False;False;False;False;False;False;False;False;False;False;False;False;False;False;False;False;False;False;False;False;False;False;False;False;False;False;False;False;False;False;False;False;False;False;False;False;False;False;False;False;False;False;False;False;False;False;False;False;False;False;False;False;False;False;False;False;False;False;False;False;False;False;False;False;False;False;False;False;False;False;False;False;False;False;False;False;False;False;False;False;False;False;False;False;False;False;False;False;False;False;False;False;False;False;False;False;False;False;False;False;False;False;False;False;False;False;False;False;False;False;False;False;False;False;False;False;False;False;False;False;False;False;False;False;False;False;False;False;False;False;False;False;False;False;False;False;False;False;False;False;False;False;False;False;False;False;False;False;False;False;False;False;False;False;False;False;False;False;False;False;False;0;0;0;2;77651.2399548018;0.01;0.26245951652526855
2744;83.6;74.8;138.6;57.2;55.0;105.6;96.8;132.0;134.2;149.6;0;0;204.7;149.6;244.3;77.0;0;257.5;140.8;99.0;0;0;0;0;83.6;74.8;138.6;57.2;55.0;105.6;96.8;132.0;134.2;149.6;0;0;204.7;149.6;244.3;77.0;0;257.5;140.8;99.0;0;0;0;0;83.6;74.8;138.6;57.2;55.0;105.6;96.8;132.0;134.2;149.6;0;0;204.7;149.6;244.3;77.0;0;257.5;140.8;99.0;0;0;0;0;0;0;25.90591366;0;0;0;0;0;0;0;0;0;0;0;19.856320999999998;0;21.04243078;17.54844347;8.25022894;32.50079221;18.09154744;7.573354569;0;20.02607889;0;0;37.48567781;0;0;0;0;0;0;0;0;0;15.39556714;16.57425506;0;0;0;0;0;14.76740288;33.67030525;0;0;21.90419762;0;8.971779715;0;0;0;0;24.62794144;0;0;4.441630145;0;0;0;0;0;0;0;0;0;0;0;0;0;0;0;0;-1;-1;-1;-1;-1;-1;-1;-1;-1;-1;-1;-1;-1;-1;-1;-1;-1;-1;-1;-1;-1;-1;-1;-1;-1;-1;-1;-1;-1;-1;-1;-1;-1;-1;-1;-1;-1;-1;-1;-1;-1;-1;-1;-1;-1;-1;-1;-1;-1;-1;-1;-1;-1;-1;-1;-1;-1;-1;-1;-1;-1;-1;-1;-1;-1;-1;-1;-1;-1;-1;-1;-1;-1;-1;-1;-1;-1;-1;-1;-1;-1;-1;-1;-1;-1;-1;-1;-1;-1;-1;-1;-1;-1;-1;-1;-1;-1;-1;-1;-1;-1;-1;-1;-1;-1;-1;-1;-1;-1;-1;-1;-1;-1;-1;-1;-1;-1;-1;-1;-1;-1;-1;-1;-1;-1;-1;-1;-1;-1;-1;-1;-1;-1;-1;-1;-1;-1;-1;-1;-1;-1;-1;-1;-1;-1;-1;-1;-1;-1;-1;-1;-1;-1;-1;-1;-1;-1;-1;-1;-1;-1;-1;-1;-1;-1;-1;-1;-1;-1;-1;-1;-1;-1;-1;-1;-1;-1;-1;-1;-1;-1;-1;-1;-1;-1;-1;-1;-1;-1;-1;-1;-1;-1;-1;-1;-1;-1;-1;-1;-1;-1;-1;-1;-1;-1;-1;-1;-1;-1;-1;-1;-1;-1;-1;-1;-1;-1;-1;-1;-1;-1;-1;-1;-1;-1;-1;-1;-1;-1;-1;-1;-1;-1;-1;-1;-1;-1;-1;-1;-1;False;False;False;False;False;False;False;False;False;False;False;False;False;False;False;False;False;False;False;False;False;False;False;False;False;False;False;False;False;False;False;False;False;False;False;False;False;False;False;False;False;False;False;False;False;False;False;False;False;False;False;False;False;False;False;False;False;False;False;False;False;False;False;False;False;False;False;False;False;False;False;False;False;False;False;False;False;False;False;False;False;False;False;False;False;False;False;False;False;False;False;False;False;False;False;False;False;False;False;False;False;False;False;False;False;False;False;False;False;False;False;False;False;False;False;False;False;False;False;False;False;False;False;False;False;False;False;False;False;False;False;False;False;False;False;False;False;False;False;False;False;False;False;False;False;False;False;False;False;False;False;False;False;False;False;False;False;False;False;False;False;False;False;False;False;False;False;False;False;False;False;False;False;False;False;False;False;False;False;False;False;False;False;False;False;False;False;False;False;False;False;False;False;False;False;False;False;False;False;False;False;False;False;False;False;False;False;False;False;False;False;False;False;False;False;False;False;False;False;False;False;False;False;False;False;False;False;False;False;False;False;False;False;False;False;False;False;False;False;False;0;0;0;0;89929.54289482936;0.01;0.13324904441833496
2745;87.1;78.0;144.5;59.6;57.3;110.1;100.9;137.6;139.9;155.9;0;0;213.3;155.9;254.6;80.3;0;268.3;146.8;103.2;0;0;0;0;87.1;78.0;144.5;59.6;57.3;110.1;100.9;137.6;139.9;155.9;0;0;213.3;155.9;254.6;80.3;0;268.3;146.8;103.2;0;0;0;0;87.1;78.0;144.5;59.6;57.3;110.1;100.9;137.6;139.9;155.9;0;0;213.3;155.9;254.6;80.3;0;268.3;146.8;103.2;0;0;0;0;0;0;32.14541477;0;0;0;0;0;0;0;0;0;0;0;27.52837744;0;38.47984394;31.53984349;15.90013842;42.94199481;34.96034932;17.32467614;0;21.12614606;0;0;49.89036472;0;0;0;0;0;0;0;0;0;21.98115360000001;11.63807339;0;0;0;0;0;21.71531145;53.04451459;0;0;41.34404185;0;10.14381306;0;0;0;0;36.42607871;0;0;7.756603281;0;0;0;0;0;0;0;0;0;0;0;0;0;0;0;0;-1;-1;-1;-1;-1;-1;-1;-1;-1;-1;-1;-1;-1;-1;-1;-1;-1;-1;-1;-1;-1;-1;-1;-1;-1;-1;-1;-1;-1;-1;-1;-1;-1;-1;-1;-1;-1;-1;-1;-1;-1;-1;-1;-1;-1;-1;-1;-1;-1;-1;-1;-1;-1;-1;-1;-1;-1;-1;-1;-1;-1;-1;-1;-1;1;-1;-1;-1;-1;-1;-1;-1;-1;-1;-1;-1;-1;-1;-1;-1;-1;-1;-1;-1;-1;-1;-1;-1;-1;-1;-1;-1;-1;-1;-1;-1;-1;-1;-1;-1;-1;-1;-1;-1;-1;-1;-1;-1;-1;-1;-1;-1;-1;-1;-1;-1;-1;-1;-1;-1;-1;-1;-1;-1;-1;-1;-1;-1;-1;-1;-1;-1;-1;-1;-1;-1;-1;-1;-1;-1;-1;-1;-1;-1;-1;-1;-1;-1;-1;-1;-1;-1;-1;-1;-1;-1;-1;-1;-1;-1;-1;-1;-1;-1;-1;-1;-1;-1;-1;-1;-1;-1;-1;-1;-1;-1;-1;-1;-1;-1;-1;-1;-1;-1;-1;-1;-1;-1;-1;-1;-1;-1;-1;-1;-1;-1;-1;-1;-1;-1;-1;-1;-1;-1;-1;-1;-1;-1;-1;-1;-1;-1;-1;-1;-1;-1;-1;-1;-1;-1;-1;-1;-1;-1;-1;-1;-1;-1;-1;-1;-1;-1;-1;-1;-1;-1;-1;-1;-1;-1;False;False;False;False;False;False;False;False;False;False;False;False;False;False;False;False;False;False;False;False;False;False;False;False;False;False;False;False;False;False;False;False;False;False;False;False;False;False;False;False;False;False;False;False;False;False;False;False;False;False;False;False;False;False;False;False;False;False;False;False;False;False;False;False;False;False;False;False;False;False;False;False;False;False;False;False;False;False;False;False;False;False;False;False;False;False;False;False;False;False;False;False;False;False;False;False;False;False;False;False;False;False;False;False;False;False;False;False;False;False;False;False;False;False;False;False;False;False;False;False;False;False;False;False;False;False;False;False;False;False;False;False;False;False;False;False;False;False;False;False;False;False;False;False;False;False;False;False;False;False;False;False;False;False;False;False;False;False;False;False;False;False;False;False;False;False;False;False;False;False;False;False;False;False;False;False;False;False;False;False;False;False;False;False;False;False;False;False;False;False;False;False;False;False;False;False;False;False;False;False;False;False;False;False;False;False;False;False;False;False;False;False;False;False;False;False;False;False;False;False;False;False;False;False;False;False;False;False;False;False;False;False;False;False;False;False;False;False;False;False;0;0;0;1;92669.15515870957;0.01;0.11037492752075195
2746;88.0;78.8;145.9;60.2;57.9;111.2;101.9;139.0;141.3;157.5;0;0;215.4;157.5;257.1;81.1;0;271.0;148.3;104.2;0;0;0;0;88.0;78.8;145.9;60.2;57.9;111.2;101.9;139.0;141.3;157.5;0;0;215.4;157.5;257.1;81.1;0;271.0;148.3;104.2;0;0;0;0;88.0;78.8;145.9;60.2;57.9;111.2;101.9;139.0;141.3;157.5;0;0;215.4;157.5;257.1;81.1;0;271.0;148.3;104.2;0;0;0;0;0;0;34.53908366;0;0;0;0;0;0;0;0;0;0;0;36.86637601;0;61.05947149;41.33325908;23.69545629;56.05729533;51.70518976;26.37377899;0;21.84237584;0;0;56.49662721;0;0;0;0;0;0;0;0;0;31.17161489;12.47723314;0;0;0;0;0;28.755294;65.67757599;0;0;59.65762471;0;14.58233914;0;0;0;0;52.09052914;0;0;10.33877571;0;0;0;0;0;0;0;0;0;0;0;0;0;0;0;0;-1;-1;-1;-1;-1;-1;-1;-1;-1;-1;-1;-1;-1;-1;-1;-1;-1;-1;-1;-1;-1;-1;-1;-1;-1;-1;-1;-1;-1;-1;-1;-1;-1;-1;-1;-1;-1;-1;-1;-1;-1;-1;-1;-1;-1;-1;-1;-1;-1;-1;-1;-1;-1;-1;-1;-1;-1;-1;-1;-1;-1;-1;-1;-1;-1;-1;-1;-1;-1;-1;-1;-1;-1;-1;-1;-1;-1;-1;-1;-1;-1;-1;-1;-1;-1;-1;-1;-1;-1;-1;-1;-1;-1;-1;-1;-1;-1;-1;-1;-1;-1;-1;-1;-1;-1;-1;-1;-1;-1;-1;-1;-1;-1;-1;-1;-1;-1;-1;-1;-1;-1;-1;-1;-1;-1;-1;-1;-1;-1;-1;-1;-1;-1;-1;-1;-1;-1;-1;-1;-1;-1;-1;-1;-1;-1;-1;-1;-1;-1;-1;-1;-1;-1;-1;-1;-1;-1;-1;-1;-1;-1;-1;-1;-1;-1;-1;-1;-1;-1;-1;-1;-1;-1;-1;-1;-1;-1;-1;-1;-1;-1;-1;-1;-1;-1;-1;-1;-1;-1;-1;-1;-1;-1;-1;-1;-1;-1;-1;-1;-1;-1;-1;-1;-1;-1;-1;-1;-1;-1;-1;-1;-1;-1;-1;-1;-1;-1;-1;-1;-1;-1;-1;-1;-1;-1;-1;-1;-1;-1;-1;-1;-1;-1;-1;-1;-1;-1;-1;-1;-1;False;False;False;False;False;False;False;False;False;False;False;False;False;False;False;False;False;False;False;False;False;False;False;False;False;False;False;False;False;False;False;False;False;False;False;False;False;False;False;False;False;False;False;False;False;False;False;False;False;False;False;False;False;False;False;False;False;False;False;False;False;False;False;False;False;False;False;False;False;False;False;False;False;False;False;False;False;False;False;False;False;False;False;False;False;False;False;False;False;False;False;False;False;False;False;False;False;False;False;False;False;False;False;False;False;False;False;False;False;False;False;False;False;False;False;False;False;False;False;False;False;False;False;False;False;False;False;False;False;False;False;False;False;False;False;False;False;False;False;False;False;False;False;False;False;False;False;False;False;False;False;False;False;False;False;False;False;False;False;False;False;False;False;False;False;False;False;False;False;False;False;False;False;False;False;False;False;False;False;False;False;False;False;False;False;False;False;False;False;False;False;False;False;False;False;False;False;False;False;False;False;False;False;False;False;False;False;False;False;False;False;False;False;False;False;False;False;False;False;False;False;False;False;False;False;False;False;False;False;False;False;False;False;False;False;False;False;False;False;False;0;0;0;0;90221.55424168224;0.01;0.4810478687286377
2747;87.1;78.0;144.5;59.6;57.3;110.1;100.9;137.6;139.9;155.9;0;0;213.3;155.9;254.6;80.3;0;268.3;146.8;103.2;0;0;0;0;87.1;78.0;144.5;59.6;57.3;110.1;100.9;137.6;139.9;155.9;0;0;213.3;155.9;254.6;80.3;0;268.3;146.8;103.2;0;0;0;0;87.1;78.0;144.5;59.6;57.3;110.1;100.9;137.6;139.9;155.9;0;0;213.3;155.9;254.6;80.3;0;268.3;146.8;103.2;0;0;0;0;0;0;48.08762423;0;0;0;0;0;0;0;0;0;0;0;44.0999321;0;83.08229762;56.19820952;36.02554161;70.87694997;90.05600732;41.82991215;0;28.99964115;0;0;67.46200302;0;0;0;0;0;0;0;0;0;46.93768920000001;17.25435245;0;0;0;0;0;34.57638455;87.18782202;0;0;75.99163844;0;22.9417176;0;0;0;0;61.68341778;0;0;13.75179726;0;0;0;0;0;0;0;0;0;0;0;0;0;0;0;0;-1;-1;-1;-1;-1;-1;-1;-1;-1;-1;-1;-1;-1;-1;-1;-1;-1;-1;-1;-1;-1;-1;-1;-1;-1;-1;-1;-1;-1;-1;-1;-1;-1;-1;-1;-1;-1;-1;1;-1;-1;-1;-1;-1;-1;-1;-1;1;-1;-1;-1;-1;-1;-1;-1;-1;-1;-1;-1;-1;-1;-1;-1;-1;-1;-1;-1;-1;-1;-1;-1;-1;-1;-1;-1;-1;-1;-1;-1;-1;-1;-1;-1;-1;-1;-1;-1;-1;-1;-1;-1;-1;-1;-1;-1;-1;-1;-1;-1;-1;-1;-1;1;-1;-1;-1;-1;-1;-1;-1;-1;-1;-1;-1;-1;-1;-1;-1;-1;-1;-1;-1;-1;-1;-1;-1;-1;-1;-1;-1;-1;-1;-1;-1;-1;-1;-1;-1;-1;-1;-1;-1;-1;-1;-1;-1;-1;-1;-1;-1;-1;-1;-1;-1;-1;-1;-1;-1;-1;-1;-1;-1;-1;-1;-1;-1;-1;-1;-1;-1;-1;-1;-1;-1;-1;-1;-1;-1;-1;-1;-1;-1;-1;-1;-1;-1;-1;-1;-1;-1;-1;-1;-1;-1;-1;-1;-1;-1;-1;-1;-1;-1;-1;-1;-1;-1;-1;-1;-1;-1;-1;-1;-1;-1;-1;-1;-1;-1;-1;-1;-1;-1;-1;-1;-1;-1;-1;-1;-1;-1;-1;-1;-1;-1;-1;-1;-1;-1;1;-1;False;False;False;False;False;False;False;False;False;False;False;False;False;False;False;False;False;False;False;False;False;False;False;False;False;False;False;False;False;False;False;False;False;False;False;False;False;False;False;False;False;False;False;False;False;False;False;False;False;False;False;False;False;False;False;False;False;False;False;False;False;False;False;False;False;False;False;False;False;False;False;False;False;False;False;False;False;False;False;False;False;False;False;False;False;False;False;False;False;False;False;False;False;False;False;False;False;False;False;False;False;False;False;False;False;False;False;False;False;False;False;False;False;False;False;False;False;False;False;False;False;False;False;False;False;False;False;False;False;False;False;False;False;False;False;False;False;False;False;False;False;False;False;False;False;False;False;False;False;False;False;False;False;False;False;False;False;False;False;False;False;False;False;False;False;False;False;False;False;False;False;False;False;False;False;False;False;False;False;False;False;False;False;False;False;False;False;False;False;False;False;False;False;False;False;False;False;False;False;False;False;False;False;False;False;False;False;False;False;False;False;False;False;False;False;False;False;False;False;False;False;False;False;False;False;False;False;False;False;False;False;False;False;False;False;False;False;False;False;False;0;0;0;4;82757.9984267095;0.01;0.1402578353881836
2748;81.9;73.2;135.7;56.0;53.9;103.4;94.8;129.3;131.4;146.5;0;0;200.4;146.5;239.1;75.4;0;252.1;137.9;96.9;0;0;0;0;81.9;73.2;135.7;56.0;53.9;103.4;94.8;129.3;131.4;146.5;0;0;200.4;146.5;239.1;75.4;0;252.1;137.9;96.9;0;0;0;0;81.9;73.2;135.7;56.0;53.9;103.4;94.8;129.3;131.4;146.5;0;0;200.4;146.5;239.1;75.4;0;252.1;137.9;96.9;0;0;0;0;0;0;0.694457708;0;0;0;0;0;0;0;0;0;0;0;1.588914729;0;7.321289151;3.0096648260000003;2.285922515;5.425611493;5.110343816;1.948028249;0;0.594838691;0;0;2.2822773130000003;0;0;0;0;0;0;0;0;0;1.996456845;0.06913516900000001;0;0;0;0;0;2.064566705;11.84342126;0;0;9.639500006;0;1.514628984;0;0;0;0;3.265435072;0;0;0.549368581;0;0;0;0;0;0;0;0;0;0;0;0;0;0;0;0;-1;-1;-1;-1;-1;-1;-1;-1;-1;-1;-1;-1;-1;-1;-1;-1;-1;-1;-1;-1;-1;-1;-1;-1;-1;-1;-1;-1;-1;-1;-1;-1;-1;-1;-1;-1;-1;-1;-1;-1;-1;-1;-1;-1;-1;-1;-1;-1;-1;-1;-1;-1;-1;-1;-1;-1;-1;-1;-1;-1;-1;-1;-1;-1;1;-1;-1;-1;-1;-1;-1;-1;-1;-1;-1;-1;-1;-1;-1;-1;-1;-1;-1;-1;-1;-1;-1;-1;-1;-1;-1;-1;-1;-1;-1;-1;-1;-1;-1;-1;-1;-1;-1;-1;-1;-1;-1;-1;-1;-1;-1;-1;-1;-1;-1;-1;-1;-1;-1;-1;-1;-1;-1;-1;-1;-1;-1;-1;-1;-1;-1;-1;-1;-1;-1;-1;-1;-1;-1;-1;-1;-1;-1;-1;-1;-1;-1;-1;-1;-1;-1;-1;-1;-1;-1;-1;-1;-1;-1;-1;-1;-1;-1;-1;-1;-1;-1;-1;-1;-1;-1;-1;-1;-1;-1;-1;-1;-1;-1;-1;-1;-1;-1;-1;-1;-1;-1;-1;-1;-1;-1;-1;-1;-1;-1;-1;-1;-1;-1;-1;-1;-1;-1;-1;-1;-1;-1;-1;-1;-1;-1;-1;-1;-1;-1;-1;-1;-1;-1;-1;-1;-1;-1;-1;-1;-1;-1;-1;-1;-1;-1;-1;-1;-1;-1;-1;-1;-1;-1;-1;False;False;False;False;False;False;False;False;False;False;False;False;False;False;False;False;False;False;False;False;False;False;False;False;False;False;False;False;False;False;False;False;False;False;False;False;False;False;False;False;False;False;False;False;False;False;False;False;False;False;False;False;False;False;False;False;False;False;False;False;False;False;False;False;False;False;False;False;False;False;False;False;False;False;False;False;False;False;False;False;False;False;False;False;False;False;False;False;False;False;False;False;False;False;False;False;False;False;False;False;False;False;False;False;False;False;False;False;False;False;False;False;False;False;False;False;False;False;False;False;False;False;False;False;False;False;False;False;False;False;False;False;False;False;False;False;False;False;False;False;False;False;False;False;False;False;False;False;False;False;False;False;False;False;False;False;False;False;False;False;False;False;False;False;False;False;False;False;False;False;False;False;False;False;False;False;False;False;False;False;False;False;False;False;False;False;False;False;False;False;False;False;False;False;False;False;False;False;False;False;False;False;False;False;False;False;False;False;False;False;False;False;False;False;False;False;False;False;False;False;False;False;False;False;False;False;False;False;False;False;False;False;False;False;False;False;False;False;False;False;0;0;0;1;93600.49532550441;0.01;0.18494915962219238
2749;81.0;72.5;134.3;55.4;53.3;102.3;93.8;127.9;130.0;144.9;0;0;198.2;144.9;236.6;74.6;0;249.3;136.4;95.9;0;0;0;0;81.0;72.5;134.3;55.4;53.3;102.3;93.8;127.9;130.0;144.9;0;0;198.2;144.9;236.6;74.6;0;249.3;136.4;95.9;0;0;0;0;81.0;72.5;134.3;55.4;53.3;102.3;93.8;127.9;130.0;144.9;0;0;198.2;144.9;236.6;74.6;0;249.3;136.4;95.9;0;0;0;0;0;0;4.619427547;0;0;0;0;0;0;0;0;0;0;0;3.153437673;0;10.99415929;4.998770791;7.020053646;11.13615954;6.138589981;8.594864779;0;1.27300171;0;0;10.76642303;0;0;0;0;0;0;0;0;0;3.202730152;0.199638133;0;0;0;0;0;4.3708823789999975;16.32118792;0;0;13.96884311;0;4.775365288;0;0;0;0;11.98706848;0;0;1.610203074;0;0;0;0;0;0;0;0;0;0;0;0;0;0;0;0;-1;-1;-1;-1;-1;-1;-1;-1;-1;-1;-1;-1;-1;-1;-1;-1;-1;-1;-1;-1;-1;-1;-1;-1;-1;-1;-1;-1;-1;-1;-1;-1;-1;-1;-1;-1;-1;-1;-1;-1;-1;-1;-1;-1;-1;-1;-1;-1;-1;-1;-1;-1;-1;-1;-1;-1;-1;-1;-1;-1;-1;-1;-1;-1;-1;-1;-1;-1;-1;-1;-1;-1;-1;-1;-1;-1;-1;-1;-1;-1;-1;-1;-1;-1;-1;1;-1;-1;-1;-1;-1;-1;-1;-1;-1;-1;-1;-1;-1;-1;-1;-1;-1;-1;-1;-1;-1;-1;-1;-1;-1;-1;-1;-1;-1;-1;-1;-1;-1;-1;-1;-1;-1;-1;-1;-1;-1;-1;-1;-1;-1;-1;-1;-1;-1;-1;-1;-1;-1;-1;-1;-1;-1;-1;-1;-1;-1;-1;-1;-1;-1;-1;-1;-1;-1;-1;-1;-1;-1;-1;-1;-1;-1;-1;-1;-1;-1;-1;-1;-1;-1;-1;-1;-1;-1;-1;-1;-1;-1;-1;-1;-1;-1;-1;-1;-1;-1;-1;-1;-1;-1;-1;-1;-1;-1;-1;-1;-1;-1;-1;-1;-1;-1;-1;-1;-1;-1;-1;-1;-1;-1;-1;-1;-1;-1;-1;-1;-1;-1;-1;-1;-1;-1;-1;-1;-1;-1;-1;-1;-1;-1;-1;-1;-1;-1;-1;-1;-1;-1;-1;False;False;False;False;False;False;False;False;False;False;False;False;False;False;False;False;False;False;False;False;False;False;False;False;False;False;False;False;False;False;False;False;False;False;False;False;False;False;False;False;False;False;False;False;False;False;False;False;False;False;False;False;False;False;False;False;False;False;False;False;False;False;False;False;False;False;False;False;False;False;False;False;False;False;False;False;False;False;False;False;False;False;False;False;False;False;False;False;False;False;False;False;False;False;False;False;False;False;False;False;False;False;False;False;False;False;False;False;False;False;False;False;False;False;False;False;False;False;False;False;False;False;False;False;False;False;False;False;False;False;False;False;False;False;False;False;False;False;False;False;False;False;False;False;False;False;False;False;False;False;False;False;False;False;False;False;False;False;False;False;False;False;False;False;False;False;False;False;False;False;False;False;False;False;False;False;False;False;False;False;False;False;False;False;False;False;False;False;False;False;False;False;False;False;False;False;False;False;False;False;False;False;False;False;False;False;False;False;False;False;False;False;False;False;False;False;False;False;False;False;False;False;False;False;False;False;False;False;False;False;False;False;False;False;False;False;False;False;False;False;0;0;0;1;90334.0329321166;0.01;0.16560769081115723
2750;79.2;70.9;131.3;54.2;52.1;100.1;91.7;125.1;127.2;141.8;0;0;193.9;141.8;231.4;73.0;0;243.9;133.4;93.8;0;0;0;0;79.2;70.9;131.3;54.2;52.1;100.1;91.7;125.1;127.2;141.8;0;0;193.9;141.8;231.4;73.0;0;243.9;133.4;93.8;0;0;0;0;79.2;70.9;131.3;54.2;52.1;100.1;91.7;125.1;127.2;141.8;0;0;193.9;141.8;231.4;73.0;0;243.9;133.4;93.8;0;0;0;0;0;0;11.97601044;0;0;0;0;0;0;0;0;0;0;0;4.72083428;0;13.41918124;5.784883438;10.7050148;12.61711662;9.178092975;20.87789345;0;2.25105543;0;0;19.366318300000003;0;0;0;0;0;0;0;0;0;3.562665818;0.288210247;0;0;0;0;0;6.099670177999999;23.27505513;0;0;21.08917965;0;8.488712004;0;0;0;0;20.03770609;0;0;2.361247205;0;0;0;0;0;0;0;0;0;0;0;0;0;0;0;0;-1;-1;-1;-1;-1;-1;-1;-1;-1;-1;-1;-1;-1;-1;-1;-1;-1;-1;-1;-1;-1;-1;-1;-1;-1;-1;-1;-1;-1;-1;-1;-1;-1;-1;-1;-1;-1;-1;-1;-1;-1;-1;-1;-1;-1;-1;-1;-1;-1;-1;-1;-1;-1;-1;-1;-1;-1;-1;-1;-1;-1;-1;-1;-1;-1;-1;-1;-1;-1;-1;-1;-1;-1;-1;-1;-1;-1;-1;-1;-1;-1;-1;-1;-1;-1;1;-1;-1;-1;-1;-1;-1;-1;-1;-1;-1;-1;-1;-1;-1;-1;-1;-1;-1;-1;-1;-1;-1;-1;-1;-1;-1;-1;-1;-1;-1;-1;-1;-1;-1;-1;-1;-1;-1;-1;-1;-1;-1;-1;-1;-1;-1;-1;-1;-1;-1;-1;-1;-1;-1;-1;-1;-1;-1;-1;-1;-1;-1;-1;-1;-1;-1;-1;-1;-1;-1;-1;-1;-1;-1;-1;-1;-1;-1;-1;-1;-1;-1;-1;-1;-1;-1;-1;-1;-1;-1;-1;-1;-1;-1;-1;-1;-1;-1;-1;-1;-1;-1;-1;-1;-1;-1;-1;-1;-1;-1;-1;-1;-1;-1;-1;-1;-1;-1;-1;-1;-1;-1;-1;-1;-1;-1;-1;-1;-1;-1;-1;-1;-1;-1;-1;-1;-1;-1;-1;-1;-1;-1;-1;-1;-1;-1;-1;-1;-1;-1;-1;-1;-1;-1;False;False;False;False;False;False;False;False;False;False;False;False;False;False;False;False;False;False;False;False;False;False;False;False;False;False;False;False;False;False;False;False;False;False;False;False;False;False;False;False;False;False;False;False;False;False;False;False;False;False;False;False;False;False;False;False;False;False;False;False;False;False;False;False;False;False;False;False;False;False;False;False;False;False;False;False;False;False;False;False;False;False;False;False;False;False;False;False;False;False;False;False;False;False;False;False;False;False;False;False;False;False;False;False;False;False;False;False;False;False;False;False;False;False;False;False;False;False;False;False;False;False;False;False;False;False;False;False;False;False;False;False;False;False;False;False;False;False;False;False;False;False;False;False;False;False;False;False;False;False;False;False;False;False;False;False;False;False;False;False;False;False;False;False;False;False;False;False;False;False;False;False;False;False;False;False;False;False;False;False;False;False;False;False;False;False;False;False;False;False;False;False;False;False;False;False;False;False;False;False;False;False;False;False;False;False;False;False;False;False;False;False;False;False;False;False;False;False;False;False;False;False;False;False;False;False;False;False;False;False;False;False;False;False;False;False;False;False;False;False;0;0;0;1;85177.91221821375;0.01;0.1582961082458496
2751;77.5;69.3;128.4;53.0;51.0;97.8;89.7;122.3;124.4;138.6;0;0;189.6;138.6;226.3;71.3;0;238.5;130.5;91.7;0;0;0;0;77.5;69.3;128.4;53.0;51.0;97.8;89.7;122.3;124.4;138.6;0;0;189.6;138.6;226.3;71.3;0;238.5;130.5;91.7;0;0;0;0;77.5;69.3;128.4;53.0;51.0;97.8;89.7;122.3;124.4;138.6;0;0;189.6;138.6;226.3;71.3;0;238.5;130.5;91.7;0;0;0;0;0;0;24.21189344;0;0;0;0;0;0;0;0;0;0;0;8.426163706;0;23.88154817;10.04712925;17.19867362;19.69039721;17.6880149;34.65283925;0;5.655101086;0;0;33.44698252;0;0;0;0;0;0;0;0;0;4.163985407;0.701854234;0;0;0;0;0;7.318914582000001;36.26969467;0;0;32.22520588;0;10.77927617;0;0;0;0;29.46117409;0;0;4.617834458;0;0;0;0;0;0;0;0;0;0;0;0;0;0;0;0;-1;-1;-1;-1;-1;-1;-1;-1;-1;-1;-1;-1;-1;-1;-1;-1;-1;-1;-1;-1;-1;-1;-1;-1;-1;-1;-1;-1;-1;-1;-1;-1;-1;-1;-1;-1;-1;-1;-1;-1;-1;-1;-1;-1;-1;-1;-1;1;-1;-1;-1;-1;-1;-1;-1;-1;-1;-1;-1;-1;-1;-1;-1;-1;-1;-1;-1;-1;-1;-1;-1;-1;-1;-1;-1;-1;-1;-1;-1;-1;-1;-1;-1;-1;-1;1;-1;-1;-1;-1;-1;-1;-1;-1;-1;-1;-1;-1;-1;-1;-1;-1;1;-1;-1;-1;-1;-1;-1;-1;-1;-1;-1;-1;-1;-1;-1;-1;-1;-1;-1;-1;-1;-1;-1;-1;-1;-1;-1;-1;-1;-1;-1;-1;-1;-1;-1;-1;-1;-1;-1;-1;-1;-1;-1;-1;-1;-1;-1;-1;-1;-1;-1;-1;-1;-1;-1;-1;-1;-1;-1;-1;-1;-1;-1;-1;-1;-1;-1;-1;-1;-1;-1;-1;-1;-1;-1;-1;-1;-1;-1;-1;-1;-1;-1;-1;-1;-1;-1;-1;-1;-1;-1;-1;-1;-1;-1;-1;-1;-1;-1;-1;-1;-1;-1;-1;-1;-1;-1;-1;-1;-1;-1;-1;-1;-1;-1;-1;-1;-1;-1;-1;-1;-1;-1;-1;-1;-1;-1;-1;-1;-1;-1;-1;-1;-1;-1;-1;-1;-1;False;False;False;False;False;False;False;False;False;False;False;False;False;False;False;False;False;False;False;False;False;False;False;False;False;False;False;False;False;False;False;False;False;False;False;False;False;False;False;False;False;False;False;False;False;False;False;False;False;False;False;False;False;False;False;False;False;False;False;False;False;False;False;False;False;False;False;False;False;False;False;False;False;False;False;False;False;False;False;False;False;False;False;False;False;False;False;False;False;False;False;False;False;False;False;False;False;False;False;False;False;False;False;False;False;False;False;False;False;False;False;False;False;False;False;False;False;False;False;False;False;False;False;False;False;False;False;False;False;False;False;False;False;False;False;False;False;False;False;False;False;False;False;False;False;False;False;False;False;False;False;False;False;False;False;False;False;False;False;False;False;False;False;False;False;False;False;False;False;False;False;False;False;False;False;False;False;False;False;False;False;False;False;False;False;False;False;False;False;False;False;False;False;False;False;False;False;False;False;False;False;False;False;False;False;False;False;False;False;False;False;False;False;False;False;False;False;False;False;False;False;False;False;False;False;False;False;False;False;False;False;False;False;False;False;False;False;False;False;False;0;0;0;3;79688.87025624183;0.01;0.522538423538208
2752;79.2;70.9;131.3;54.2;52.1;100.1;91.7;125.1;127.2;141.8;0;0;193.9;141.8;231.4;73.0;0;243.9;133.4;93.8;0;0;0;0;79.2;70.9;131.3;54.2;52.1;100.1;91.7;125.1;127.2;141.8;0;0;193.9;141.8;231.4;73.0;0;243.9;133.4;93.8;0;0;0;0;79.2;70.9;131.3;54.2;52.1;100.1;91.7;125.1;127.2;141.8;0;0;193.9;141.8;231.4;73.0;0;243.9;133.4;93.8;0;0;0;0;0;0;41.2988091;0;0;0;0;0;0;0;0;0;0;0;14.87380054;0;37.55571016;19.21749721;25.82884472;35.73853176;32.88769721;52.33088689;0;12.55151054;0;0;51.85255982;0;0;0;0;0;0;0;0;0;6.7417736470000005;2.4576291969999997;0;0;0;0;0;11.26719967;59.30650609;0;0;53.79607074;0;15.01776045;0;0;0;0;40.62623065;0;0;9.681319514;0;0;0;0;0;0;0;0;0;0;0;0;0;0;0;0;1;-1;-1;-1;-1;-1;-1;-1;-1;-1;-1;-1;-1;-1;-1;-1;-1;-1;-1;-1;-1;-1;-1;-1;-1;-1;-1;-1;-1;-1;-1;-1;-1;-1;-1;-1;-1;-1;1;-1;-1;-1;-1;-1;-1;-1;-1;1;-1;-1;-1;-1;-1;-1;-1;-1;-1;-1;-1;-1;-1;-1;-1;-1;-1;-1;-1;-1;-1;-1;-1;-1;-1;-1;-1;-1;-1;-1;-1;-1;-1;-1;-1;-1;-1;1;-1;-1;-1;-1;-1;-1;-1;-1;-1;-1;-1;-1;-1;-1;-1;-1;1;-1;-1;-1;-1;-1;-1;-1;-1;-1;-1;-1;-1;-1;-1;-1;-1;-1;-1;-1;-1;-1;-1;-1;-1;-1;-1;-1;-1;-1;-1;-1;-1;-1;-1;-1;-1;-1;-1;-1;-1;-1;-1;-1;-1;-1;-1;-1;-1;-1;-1;-1;-1;-1;-1;-1;-1;-1;-1;-1;-1;-1;-1;-1;-1;-1;-1;-1;-1;-1;-1;-1;-1;-1;-1;-1;-1;-1;-1;-1;-1;-1;-1;-1;-1;-1;-1;-1;-1;-1;-1;-1;-1;-1;-1;-1;-1;-1;-1;-1;-1;-1;-1;-1;-1;-1;-1;-1;-1;-1;-1;-1;-1;-1;-1;-1;-1;-1;-1;-1;-1;-1;-1;-1;-1;-1;-1;-1;-1;-1;-1;-1;-1;-1;-1;-1;-1;-1;False;False;False;False;False;False;False;False;False;False;False;False;False;False;False;False;False;False;False;False;False;False;False;False;False;False;False;False;False;False;False;False;False;False;False;False;False;False;False;False;False;False;False;False;False;False;False;False;False;False;False;False;False;False;False;False;False;False;False;False;False;False;False;False;False;False;False;False;False;False;False;False;False;False;False;False;False;False;False;False;False;False;False;False;False;False;False;False;False;False;False;False;False;False;False;False;False;False;False;False;False;False;False;False;False;False;False;False;False;False;False;False;False;False;False;False;False;False;False;False;False;False;False;False;False;False;False;False;False;False;False;False;False;False;False;False;False;False;False;False;False;False;False;False;False;False;False;False;False;False;False;False;False;False;False;False;False;False;False;False;False;False;False;False;False;False;False;False;False;False;False;False;False;False;False;False;False;False;False;False;False;False;False;False;False;False;False;False;False;False;False;False;False;False;False;False;False;False;False;False;False;False;False;False;False;False;False;False;False;False;False;False;False;False;False;False;False;False;False;False;False;False;False;False;False;False;False;False;False;False;False;False;False;False;False;False;False;False;False;False;0;0;0;5;78451.38798968859;0.01;0.17142939567565918
2753;81.0;72.5;134.3;55.4;53.3;102.3;93.8;127.9;130.0;144.9;0;0;198.2;144.9;236.6;74.6;0;249.3;136.4;95.9;0;0;0;0;81.0;72.5;134.3;55.4;53.3;102.3;93.8;127.9;130.0;144.9;0;0;198.2;144.9;236.6;74.6;0;249.3;136.4;95.9;0;0;0;0;81.0;72.5;134.3;55.4;53.3;102.3;93.8;127.9;130.0;144.9;0;0;198.2;144.9;236.6;74.6;0;249.3;136.4;95.9;0;0;0;0;0;0;63.86818305;0;0;0;0;0;0;0;0;0;0;0;24.79231141;0;57.94632068;32.0189554;34.84883808;59.42945936;55.49760914;69.93301813;0;21.28631611;0;0;71.70461526;0;0;0;0;0;0;0;0;0;13.70462588;5.29714041;0;0;0;0;0;17.97180614;87.07081554;0;0;78.91716935;0;22.56506531;0;0;0;0;57.74697255;0;0;17.47960559;0;0;0;0;0;0;0;0;0;0;0;0;0;0;0;0;1;-1;-1;-1;-1;-1;-1;-1;-1;1;-1;-1;-1;-1;-1;-1;-1;-1;-1;-1;-1;-1;-1;-1;-1;-1;-1;-1;-1;-1;-1;-1;-1;-1;-1;-1;-1;-1;1;-1;-1;-1;-1;-1;-1;-1;-1;1;-1;-1;-1;-1;-1;-1;-1;-1;-1;-1;-1;-1;-1;-1;-1;-1;-1;-1;-1;-1;-1;-1;-1;-1;-1;-1;-1;-1;-1;-1;-1;-1;-1;-1;-1;-1;-1;1;-1;-1;-1;-1;-1;-1;-1;-1;-1;-1;-1;-1;-1;-1;-1;-1;1;-1;-1;-1;-1;-1;-1;-1;-1;-1;-1;-1;-1;-1;-1;-1;-1;-1;-1;-1;-1;-1;-1;-1;-1;-1;-1;-1;-1;-1;-1;-1;-1;-1;-1;-1;-1;-1;-1;-1;-1;-1;-1;-1;-1;-1;-1;-1;-1;-1;-1;-1;-1;-1;-1;-1;-1;-1;-1;-1;-1;-1;-1;-1;-1;-1;-1;-1;-1;-1;-1;-1;-1;-1;-1;-1;-1;-1;-1;-1;-1;-1;-1;-1;-1;-1;-1;-1;-1;-1;-1;-1;-1;-1;-1;-1;-1;-1;-1;-1;-1;-1;-1;-1;-1;-1;-1;-1;-1;-1;-1;-1;-1;-1;-1;-1;-1;-1;-1;-1;-1;-1;-1;-1;-1;-1;-1;-1;-1;-1;-1;-1;-1;-1;-1;-1;-1;-1;False;False;False;False;False;False;False;False;False;False;False;False;False;False;False;False;False;False;False;False;False;False;False;False;False;False;False;False;False;False;False;False;False;False;False;False;False;False;False;False;False;False;False;False;False;False;False;False;False;False;False;False;False;False;False;False;False;False;False;False;False;False;False;False;False;False;False;False;False;False;False;False;False;False;False;False;False;False;False;False;False;False;False;False;False;False;False;False;False;False;False;False;False;False;False;False;False;False;False;False;False;False;False;False;False;False;False;False;False;False;False;False;False;False;False;False;False;False;False;False;False;False;False;False;False;False;False;False;False;False;False;False;False;False;False;False;False;False;False;False;False;False;False;False;False;False;False;False;False;False;False;False;False;False;False;False;False;False;False;False;False;False;False;False;False;False;False;False;False;False;False;False;False;False;False;False;False;False;False;False;False;False;False;False;False;False;False;False;False;False;False;False;False;False;False;False;False;False;False;False;False;False;False;False;False;False;False;False;False;False;False;False;False;False;False;False;False;False;False;False;False;False;False;False;False;False;False;False;False;False;False;False;False;False;False;False;False;False;False;False;0;0;0;6;75942.62147827273;0.02;0.13548755645751953
2754;84.5;75.6;140.1;57.8;55.6;106.7;97.8;133.4;135.7;151.2;0;0;206.8;151.2;246.8;77.8;0;260.2;142.3;100.1;0;0;0;0;84.5;75.6;140.1;57.8;55.6;106.7;97.8;133.4;135.7;151.2;0;0;206.8;151.2;246.8;77.8;0;260.2;142.3;100.1;0;0;0;0;84.5;75.6;140.1;57.8;55.6;106.7;97.8;133.4;135.7;151.2;0;0;206.8;151.2;246.8;77.8;0;260.2;142.3;100.1;0;0;0;0;0;0;11.02170168;0;0;0;0;0;0;0;0;0;0;0;9.906557094;0;15.19701195;8.415041172999999;1.145475488;15.94417418;18.40203775;3.096575427;0;8.198635915;0;0;12.11456811;0;0;0;0;0;0;0;0;0;12.04739672;1.187704693;0;0;0;0;0;4.876565715;31.50836828;0;0;30.79276117;0;0.302441955;0;0;0;0;4.572139943;0;0;4.053384193;0;0;0;0;0;0;0;0;0;0;0;0;0;0;0;0;-1;-1;-1;-1;-1;-1;-1;-1;-1;-1;-1;-1;-1;-1;-1;-1;-1;-1;-1;-1;-1;-1;-1;-1;-1;-1;-1;-1;-1;-1;-1;-1;-1;-1;-1;-1;-1;-1;-1;-1;-1;-1;-1;-1;-1;-1;-1;-1;-1;-1;-1;-1;-1;-1;-1;-1;-1;-1;-1;-1;-1;-1;-1;-1;1;-1;-1;-1;-1;-1;-1;-1;-1;-1;-1;-1;-1;-1;-1;-1;-1;-1;-1;-1;-1;-1;-1;-1;-1;-1;-1;-1;-1;-1;-1;-1;-1;-1;-1;-1;-1;-1;-1;-1;-1;-1;-1;-1;-1;-1;-1;-1;-1;-1;-1;-1;-1;-1;-1;-1;-1;-1;-1;-1;-1;-1;-1;-1;-1;-1;-1;-1;-1;-1;-1;-1;-1;-1;-1;-1;-1;-1;-1;-1;-1;-1;-1;-1;-1;-1;-1;-1;-1;-1;-1;-1;-1;-1;-1;-1;-1;-1;-1;-1;-1;-1;-1;-1;-1;-1;-1;-1;-1;-1;-1;-1;-1;-1;-1;-1;-1;-1;-1;-1;-1;-1;-1;-1;-1;-1;-1;-1;-1;-1;-1;-1;-1;-1;-1;-1;-1;-1;-1;-1;-1;-1;-1;-1;-1;-1;-1;-1;-1;-1;-1;-1;-1;-1;-1;-1;-1;-1;-1;-1;-1;-1;-1;-1;-1;-1;-1;-1;-1;-1;-1;-1;-1;-1;-1;-1;False;False;False;False;False;False;False;False;False;False;False;False;False;False;False;False;False;False;False;False;False;False;False;False;False;False;False;False;False;False;False;False;False;False;False;False;False;False;False;False;False;False;False;False;False;False;False;False;False;False;False;False;False;False;False;False;False;False;False;False;False;False;False;False;False;False;False;False;False;False;False;False;False;False;False;False;False;False;False;False;False;False;False;False;False;False;False;False;False;False;False;False;False;False;False;False;False;False;False;False;False;False;False;False;False;False;False;False;False;False;False;False;False;False;False;False;False;False;False;False;False;False;False;False;False;False;False;False;False;False;False;False;False;False;False;False;False;False;False;False;False;False;False;False;False;False;False;False;False;False;False;False;False;False;False;False;False;False;False;False;False;False;False;False;False;False;False;False;False;False;False;False;False;False;False;False;False;False;False;False;False;False;False;False;False;False;False;False;False;False;False;False;False;False;False;False;False;False;False;False;False;False;False;False;False;False;False;False;False;False;False;False;False;False;False;False;False;False;False;False;False;False;False;False;False;False;False;False;False;False;False;False;False;False;False;False;False;False;False;False;0;0;0;1;95465.08048398417;0.01;0.4439506530761719
2755;86.3;77.2;143.0;59.0;56.8;109.0;99.9;136.2;138.5;154.4;0;0;211.1;154.4;252.0;79.5;0;265.6;145.3;102.2;0;0;0;0;86.3;77.2;143.0;59.0;56.8;109.0;99.9;136.2;138.5;154.4;0;0;211.1;154.4;252.0;79.5;0;265.6;145.3;102.2;0;0;0;0;86.3;77.2;143.0;59.0;56.8;109.0;99.9;136.2;138.5;154.4;0;0;211.1;154.4;252.0;79.5;0;265.6;145.3;102.2;0;0;0;0;0;0;38.24062803;0;0;0;0;0;0;0;0;0;0;0;30.22760075;0;29.02988713;20.76285091;6.77943329;42.41860719;41.76064786;9.032011877999999;0;22.4144478;0;0;24.43390673;0;0;0;0;0;0;0;0;0;20.51142068;10.28069141;0;0;0;0;0;8.627144148;52.57419322;0;0;54.48699864;0;3.122651788;0;0;0;0;24.27263365;0;0;6.913706065;0;0;0;0;0;0;0;0;0;0;0;0;0;0;0;0;-1;-1;-1;-1;-1;-1;-1;-1;-1;-1;-1;-1;-1;-1;-1;-1;-1;-1;-1;-1;-1;-1;-1;-1;-1;-1;-1;-1;-1;-1;-1;-1;-1;-1;-1;-1;-1;-1;-1;-1;-1;-1;-1;-1;-1;-1;-1;-1;-1;-1;-1;-1;-1;-1;-1;-1;-1;-1;-1;-1;-1;-1;-1;-1;-1;-1;-1;-1;-1;-1;-1;-1;-1;-1;-1;-1;-1;-1;-1;-1;-1;-1;-1;-1;-1;-1;-1;-1;-1;-1;-1;-1;-1;-1;-1;-1;-1;-1;-1;-1;-1;-1;-1;-1;-1;-1;-1;-1;-1;-1;-1;-1;-1;-1;-1;-1;-1;-1;-1;-1;-1;-1;-1;-1;-1;-1;-1;-1;-1;-1;-1;-1;-1;-1;-1;-1;-1;-1;-1;-1;-1;-1;-1;-1;-1;-1;-1;-1;-1;-1;-1;-1;-1;-1;-1;-1;-1;-1;-1;-1;-1;-1;-1;-1;-1;-1;-1;-1;-1;-1;-1;-1;-1;-1;-1;-1;-1;-1;-1;-1;-1;-1;-1;-1;-1;-1;-1;-1;-1;-1;-1;-1;-1;-1;-1;-1;-1;-1;-1;-1;-1;-1;-1;-1;-1;-1;-1;-1;-1;-1;-1;-1;-1;-1;-1;-1;-1;-1;-1;-1;-1;-1;-1;-1;-1;-1;-1;-1;-1;-1;-1;-1;-1;-1;-1;-1;-1;-1;-1;-1;False;False;False;False;False;False;False;False;False;False;False;False;False;False;False;False;False;False;False;False;False;False;False;False;False;False;False;False;False;False;False;False;False;False;False;False;False;False;False;False;False;False;False;False;False;False;False;False;False;False;False;False;False;False;False;False;False;False;False;False;False;False;False;False;False;False;False;False;False;False;False;False;False;False;False;False;False;False;False;False;False;False;False;False;False;False;False;False;False;False;False;False;False;False;False;False;False;False;False;False;False;False;False;False;False;False;False;False;False;False;False;False;False;False;False;False;False;False;False;False;False;False;False;False;False;False;False;False;False;False;False;False;False;False;False;False;False;False;False;False;False;False;False;False;False;False;False;False;False;False;False;False;False;False;False;False;False;False;False;False;False;False;False;False;False;False;False;False;False;False;False;False;False;False;False;False;False;False;False;False;False;False;False;False;False;False;False;False;False;False;False;False;False;False;False;False;False;False;False;False;False;False;False;False;False;False;False;False;False;False;False;False;False;False;False;False;False;False;False;False;False;False;False;False;False;False;False;False;False;False;False;False;False;False;False;False;False;False;False;False;0;0;0;0;92700.96441213555;0.01;0.3548121452331543
2756;84.5;75.6;140.1;57.8;55.6;106.7;97.8;133.4;135.7;151.2;0;0;206.8;151.2;246.8;77.8;0;260.2;142.3;100.1;0;0;0;0;84.5;75.6;140.1;57.8;55.6;106.7;97.8;133.4;135.7;151.2;0;0;206.8;151.2;246.8;77.8;0;260.2;142.3;100.1;0;0;0;0;84.5;75.6;140.1;57.8;55.6;106.7;97.8;133.4;135.7;151.2;0;0;206.8;151.2;246.8;77.8;0;260.2;142.3;100.1;0;0;0;0;0;0;51.70314833;0;0;0;0;0;0;0;0;0;0;0;48.78975120000001;0;46.47721473;36.04067166;16.50441667;67.86364169;57.94354974;20.56485287;0;36.01154016;0;0;42.65506764;0;0;0;0;0;0;0;0;0;24.98701287;16.64214203;0;0;0;0;0;12.05452912;70.13487906;0;0;79.23120992;0;7.563108947000001;0;0;0;0;49.44608715;0;0;11.11008294;0;0;0;0;0;0;0;0;0;0;0;0;0;0;0;0;-1;-1;-1;-1;-1;-1;-1;-1;-1;-1;-1;-1;-1;-1;-1;-1;-1;-1;-1;-1;-1;-1;-1;-1;-1;-1;-1;-1;-1;-1;-1;-1;-1;-1;-1;-1;-1;-1;1;-1;-1;-1;-1;-1;-1;-1;-1;-1;-1;-1;-1;-1;-1;-1;-1;-1;-1;-1;-1;-1;-1;-1;-1;-1;-1;-1;-1;-1;-1;-1;-1;-1;-1;-1;-1;-1;-1;-1;-1;-1;-1;-1;-1;-1;-1;-1;-1;-1;-1;-1;-1;-1;-1;-1;-1;-1;-1;-1;-1;-1;-1;-1;1;-1;-1;-1;-1;-1;-1;-1;-1;-1;-1;-1;-1;-1;-1;-1;-1;-1;-1;-1;-1;-1;-1;-1;-1;-1;-1;-1;-1;-1;-1;-1;-1;-1;-1;-1;-1;-1;-1;-1;-1;-1;-1;-1;-1;-1;-1;-1;-1;-1;-1;-1;-1;-1;-1;-1;-1;-1;-1;-1;-1;-1;-1;-1;-1;-1;-1;-1;-1;-1;-1;-1;-1;-1;-1;-1;-1;-1;-1;-1;-1;-1;-1;-1;-1;-1;-1;-1;-1;-1;-1;-1;-1;-1;-1;-1;-1;-1;-1;-1;-1;-1;-1;-1;-1;-1;-1;-1;-1;-1;-1;-1;-1;-1;-1;-1;-1;-1;-1;-1;-1;-1;-1;-1;-1;-1;-1;-1;-1;-1;-1;-1;-1;-1;-1;-1;-1;-1;False;False;False;False;False;False;False;False;False;False;False;False;False;False;False;False;False;False;False;False;False;False;False;False;False;False;False;False;False;False;False;False;False;False;False;False;False;False;False;False;False;False;False;False;False;False;False;False;False;False;False;False;False;False;False;False;False;False;False;False;False;False;False;False;False;False;False;False;False;False;False;False;False;False;False;False;False;False;False;False;False;False;False;False;False;False;False;False;False;False;False;False;False;False;False;False;False;False;False;False;False;False;False;False;False;False;False;False;False;False;False;False;False;False;False;False;False;False;False;False;False;False;False;False;False;False;False;False;False;False;False;False;False;False;False;False;False;False;False;False;False;False;False;False;False;False;False;False;False;False;False;False;False;False;False;False;False;False;False;False;False;False;False;False;False;False;False;False;False;False;False;False;False;False;False;False;False;False;False;False;False;False;False;False;False;False;False;False;False;False;False;False;False;False;False;False;False;False;False;False;False;False;False;False;False;False;False;False;False;False;False;False;False;False;False;False;False;False;False;False;False;False;False;False;False;False;False;False;False;False;False;False;False;False;False;False;False;False;False;False;0;0;0;2;83190.40023508748;0.01;0.26473426818847656
2757;79.2;70.9;131.3;54.2;52.1;100.1;91.7;125.1;127.2;141.8;0;0;193.9;141.8;231.4;73.0;0;243.9;133.4;93.8;0;0;0;0;79.2;70.9;131.3;54.2;52.1;100.1;91.7;125.1;127.2;141.8;0;0;193.9;141.8;231.4;73.0;0;243.9;133.4;93.8;0;0;0;0;79.2;70.9;131.3;54.2;52.1;100.1;91.7;125.1;127.2;141.8;0;0;193.9;141.8;231.4;73.0;0;243.9;133.4;93.8;0;0;0;0;0;0;64.27307114;0;0;0;0;0;0;0;0;0;0;0;66.17033178;0;72.61220340000001;48.71421961;31.19609655;103.2267834;75.8701078;32.39344989;0;51.37694735;0;0;65.94750158;0;0;0;0;0;0;0;0;0;31.12490512;21.70584271;0;0;0;0;0;16.16945896;94.82795616;0;0;110.0178723;0;11.85132159;0;0;0;0;74.90871115;0;0;17.24531582;0;0;0;0;0;0;0;0;0;0;0;0;0;0;0;0;-1;-1;-1;-1;-1;-1;-1;-1;-1;1;-1;-1;-1;-1;-1;-1;-1;-1;-1;-1;-1;-1;-1;-1;-1;-1;-1;-1;-1;-1;-1;-1;-1;-1;-1;-1;-1;-1;1;-1;-1;-1;-1;-1;-1;-1;-1;1;-1;1;-1;-1;-1;-1;-1;-1;-1;-1;-1;-1;-1;-1;-1;-1;-1;-1;-1;-1;-1;-1;-1;-1;-1;-1;-1;-1;-1;-1;-1;-1;-1;-1;-1;-1;-1;1;-1;-1;-1;-1;-1;-1;-1;-1;-1;-1;-1;-1;-1;-1;-1;-1;1;-1;-1;-1;-1;-1;-1;-1;-1;-1;-1;-1;-1;-1;-1;-1;-1;-1;-1;-1;-1;-1;-1;-1;-1;-1;-1;-1;-1;-1;-1;-1;-1;-1;-1;-1;-1;-1;-1;-1;-1;-1;-1;-1;-1;-1;-1;-1;-1;-1;-1;-1;-1;-1;-1;-1;-1;-1;-1;-1;-1;-1;-1;-1;-1;-1;-1;-1;-1;-1;-1;-1;-1;-1;-1;-1;-1;-1;-1;-1;-1;-1;-1;-1;-1;-1;-1;-1;-1;-1;-1;-1;-1;-1;-1;-1;-1;-1;-1;-1;-1;-1;-1;-1;-1;-1;-1;-1;-1;-1;-1;-1;-1;-1;-1;-1;-1;-1;-1;-1;-1;-1;-1;-1;-1;-1;-1;-1;-1;-1;-1;-1;-1;-1;-1;-1;1;-1;False;False;False;False;False;False;False;False;False;False;False;False;False;False;False;False;False;False;False;False;False;False;False;False;False;False;False;False;False;False;False;False;False;False;False;False;False;False;False;False;False;False;False;False;False;False;False;False;False;False;False;False;False;False;False;False;False;False;False;False;False;False;False;False;False;False;False;False;False;False;False;False;False;False;False;False;False;False;False;False;False;False;False;False;False;False;False;False;False;False;False;False;False;False;False;False;False;False;False;False;False;False;False;False;False;False;False;False;False;False;False;False;False;False;False;False;False;False;False;False;False;False;False;False;False;False;False;False;False;False;False;False;False;False;False;False;False;False;False;False;False;False;False;False;False;False;False;False;False;False;False;False;False;False;False;False;False;False;False;False;False;False;False;False;False;False;False;False;False;False;False;False;False;False;False;False;False;False;False;False;False;False;False;False;False;False;False;False;False;False;False;False;False;False;False;False;False;False;False;False;False;False;False;False;False;False;False;False;False;False;False;False;False;False;False;False;False;False;False;False;False;False;False;False;False;False;False;False;False;False;False;False;False;False;False;False;False;False;False;False;0;0;0;7;69437.35675171882;0.02;0.41996335983276367
2758;70.4;63.0;116.8;48.2;46.3;89.0;81.5;111.2;113.0;126.0;0;0;172.3;126.0;205.7;64.9;0;216.8;118.6;83.4;0;0;0;0;70.4;63.0;116.8;48.2;46.3;89.0;81.5;111.2;113.0;126.0;0;0;172.3;126.0;205.7;64.9;0;216.8;118.6;83.4;0;0;0;0;70.4;63.0;116.8;48.2;46.3;89.0;81.5;111.2;113.0;126.0;0;0;172.3;126.0;205.7;64.9;0;216.8;118.6;83.4;0;0;0;0;0;0;62.884758;0;0;0;0;0;0;0;0;0;0;0;89.92039659;0;90.10649427;64.77341323;39.80898427;140.78479030000003;109.9169229;41.51700435;0;66.47393292;0;0;67.99205805;0;0;0;0;0;0;0;0;0;35.02011303;29.39593647;0;0;0;0;0;19.80115134;115.7449267;0;0;132.6900912;0;15.57076598;0;0;0;0;98.76444612;0;0;20.17387437;0;0;0;0;0;0;0;0;0;0;0;0;0;0;0;0;-1;-1;-1;-1;-1;-1;-1;-1;-1;1;-1;-1;-1;-1;-1;-1;-1;-1;-1;-1;-1;-1;-1;-1;-1;-1;1;-1;-1;-1;-1;-1;-1;-1;-1;-1;-1;-1;-1;-1;-1;-1;-1;-1;-1;-1;-1;1;-1;1;-1;-1;-1;-1;-1;1;-1;-1;-1;-1;-1;-1;-1;-1;1;-1;-1;-1;-1;-1;-1;-1;-1;-1;-1;-1;-1;-1;-1;-1;-1;-1;-1;-1;-1;-1;-1;-1;-1;-1;-1;-1;-1;-1;-1;-1;-1;-1;-1;-1;-1;-1;1;-1;-1;-1;-1;-1;-1;-1;-1;-1;-1;-1;-1;-1;-1;-1;-1;-1;-1;-1;-1;-1;-1;-1;-1;-1;-1;-1;-1;-1;-1;-1;-1;-1;-1;-1;-1;-1;-1;-1;-1;-1;-1;-1;-1;-1;-1;-1;-1;-1;-1;-1;-1;-1;-1;-1;-1;-1;-1;-1;-1;-1;-1;-1;-1;-1;-1;-1;-1;-1;-1;-1;-1;-1;-1;-1;-1;-1;-1;-1;-1;-1;-1;-1;-1;-1;-1;-1;-1;-1;-1;-1;-1;-1;-1;-1;-1;-1;-1;-1;-1;-1;-1;-1;-1;-1;-1;-1;-1;-1;-1;-1;-1;-1;-1;-1;-1;-1;-1;-1;-1;-1;-1;-1;-1;-1;-1;-1;-1;-1;-1;-1;-1;-1;-1;-1;1;-1;False;False;False;False;False;False;False;False;False;False;False;False;False;False;False;False;False;False;False;False;False;False;False;False;False;False;False;False;False;False;False;False;False;False;False;False;False;False;False;False;False;False;False;False;False;False;False;False;False;False;False;False;False;False;False;False;False;False;False;False;False;False;False;False;False;False;False;False;False;False;False;False;False;False;False;False;False;False;False;False;False;False;False;False;False;False;False;False;False;False;False;False;False;False;False;False;False;False;False;False;False;False;False;False;False;False;False;False;False;False;False;False;False;False;False;False;False;False;False;False;False;False;False;False;False;False;False;False;False;False;False;False;False;False;False;False;False;False;False;False;False;False;False;False;False;False;False;False;False;False;False;False;False;False;False;False;False;False;False;False;False;False;False;False;False;False;False;False;False;False;False;False;False;False;False;False;False;False;False;False;False;False;False;False;False;False;False;False;False;False;False;False;False;False;False;False;False;False;False;False;False;False;False;False;False;False;False;False;False;False;False;False;False;False;False;False;False;False;False;False;False;False;False;False;False;False;False;False;False;False;False;False;False;False;False;False;False;False;False;False;0;0;0;8;51940.32718605586;0.05;0.1813802719116211
2759;61.6;55.1;102.2;42.2;40.5;77.8;71.3;97.3;98.9;110.3;0;0;150.8;110.3;180.0;56.8;0;189.7;103.8;73.0;0;0;0;0;61.6;55.1;102.2;42.2;40.5;77.8;71.3;97.3;98.9;110.3;0;0;150.8;110.3;180.0;56.8;0;189.7;103.8;73.0;0;0;0;0;61.6;55.1;102.2;42.2;40.5;77.8;71.3;97.3;98.9;110.3;0;0;150.8;110.3;180.0;56.8;0;189.7;103.8;73.0;0;0;0;0;0;0;52.31339483;0;0;0;0;0;0;0;0;0;0;0;97.82436042;0;109.23697709999999;80.4048964;48.35327376;152.74491809999995;117.18221499999999;50.06323171;0;69.90771563;0;0;69.15305929;0;0;0;0;0;0;0;0;0;32.61760568;31.6328735;0;0;0;0;0;21.80137207;131.0832799;0;0;142.5116767;0;20.02832713;0;0;0;0;99.58793992;0;0;22.15947248;0;0;0;0;0;0;0;0;0;0;0;0;0;0;0;0;-1;-1;-1;-1;-1;-1;-1;-1;-1;-1;-1;-1;-1;-1;-1;-1;-1;-1;-1;-1;-1;-1;-1;-1;-1;-1;1;-1;-1;-1;-1;-1;-1;-1;-1;-1;-1;-1;-1;-1;-1;-1;-1;-1;-1;-1;-1;1;-1;1;-1;-1;-1;-1;-1;-1;-1;-1;-1;-1;-1;-1;-1;-1;1;-1;-1;-1;-1;-1;-1;-1;-1;-1;-1;-1;-1;-1;-1;-1;-1;-1;-1;-1;-1;-1;-1;1;-1;-1;-1;-1;-1;-1;-1;-1;-1;-1;-1;-1;-1;-1;1;-1;-1;-1;-1;-1;-1;-1;-1;-1;-1;-1;-1;-1;-1;-1;-1;-1;-1;-1;-1;-1;-1;-1;-1;-1;-1;-1;-1;-1;-1;-1;-1;-1;-1;-1;-1;-1;-1;-1;-1;-1;-1;-1;-1;-1;-1;-1;-1;-1;-1;-1;-1;-1;-1;-1;-1;-1;-1;-1;-1;-1;-1;-1;-1;-1;-1;-1;-1;-1;-1;-1;-1;-1;-1;-1;-1;-1;-1;-1;-1;-1;-1;-1;-1;-1;-1;-1;-1;-1;-1;-1;-1;-1;-1;-1;-1;-1;-1;-1;-1;-1;-1;-1;-1;-1;-1;-1;-1;-1;-1;-1;-1;-1;-1;-1;-1;-1;-1;-1;-1;-1;-1;-1;-1;-1;-1;-1;-1;-1;-1;-1;-1;-1;-1;-1;1;-1;False;False;False;False;False;False;False;False;False;False;False;False;False;False;False;False;False;False;False;False;False;False;False;False;False;False;False;False;False;False;False;False;False;False;False;False;False;False;False;False;False;False;False;False;False;False;False;False;False;False;False;False;False;False;False;False;False;False;False;False;False;False;False;False;False;False;False;False;False;False;False;False;False;False;False;False;False;False;False;False;False;False;False;False;False;False;False;False;False;False;False;False;False;False;False;False;False;False;False;False;False;False;False;False;False;False;False;False;False;False;False;False;False;False;False;False;False;False;False;False;False;False;False;False;False;False;False;False;False;False;False;False;False;False;False;False;False;False;False;False;False;False;False;False;False;False;False;False;False;False;False;False;False;False;False;False;False;False;False;False;False;False;False;False;False;False;False;False;False;False;False;False;False;False;False;False;False;False;False;False;False;False;False;False;False;False;False;False;False;False;False;False;False;False;False;False;False;False;False;False;False;False;False;False;False;False;False;False;False;False;False;False;False;False;False;False;False;False;False;False;False;False;False;False;False;False;False;False;False;False;False;False;False;False;False;False;False;False;False;False;0;0;0;7;37551.830459600664;0.04;0.1498699188232422
2760;54.3;48.6;90.1;37.2;35.7;68.6;62.9;85.8;87.2;97.2;0;0;133.0;97.2;158.7;50.0;0;167.3;91.5;64.3;0;0;0;0;54.3;48.6;90.1;37.2;35.7;68.6;62.9;85.8;87.2;97.2;0;0;133.0;97.2;158.7;50.0;0;167.3;91.5;64.3;0;0;0;0;54.3;48.6;90.1;37.2;35.7;68.6;62.9;85.8;87.2;97.2;0;0;133.0;97.2;158.7;50.0;0;167.3;91.5;64.3;0;0;0;0;0;0;6.7862729999999996;0;0;0;0;0;0;0;0;0;0;0;9.493129501;0;11.25762472;4.8806065819999995;2.24453991;39.30712552;19.15508087;5.243975744;0;12.93322749;0;0;3.6166571139999997;0;0;0;0;0;0;0;0;0;5.837121839;3.815798027;0;0;0;0;0;2.739623926;19.83572441;0;0;32.57409308;0;0.920123652;0;0;0;0;3.510524476;0;0;3.790291359;0;0;0;0;0;0;0;0;0;0;0;0;0;0;0;0;-1;-1;-1;-1;-1;-1;-1;-1;-1;-1;-1;-1;-1;-1;-1;-1;-1;-1;-1;-1;-1;-1;-1;-1;-1;-1;1;-1;-1;-1;-1;-1;-1;-1;-1;-1;-1;-1;-1;-1;-1;-1;-1;-1;-1;-1;-1;1;-1;-1;-1;-1;-1;-1;-1;-1;-1;-1;-1;-1;-1;-1;-1;-1;1;-1;1;-1;-1;-1;-1;-1;-1;-1;-1;-1;-1;-1;-1;-1;-1;-1;-1;-1;-1;1;-1;-1;-1;-1;-1;-1;-1;-1;-1;-1;-1;-1;-1;-1;-1;-1;-1;-1;-1;-1;-1;-1;-1;-1;-1;-1;-1;-1;-1;-1;-1;-1;-1;-1;-1;-1;-1;-1;-1;-1;-1;-1;-1;-1;-1;-1;-1;-1;-1;-1;-1;-1;-1;-1;-1;-1;-1;-1;-1;-1;-1;-1;-1;-1;-1;-1;-1;-1;-1;-1;-1;-1;-1;-1;-1;-1;-1;-1;-1;-1;-1;-1;-1;-1;-1;-1;-1;-1;-1;-1;-1;-1;-1;-1;-1;-1;-1;-1;-1;-1;-1;-1;-1;-1;-1;-1;-1;-1;-1;-1;-1;-1;-1;-1;-1;-1;-1;-1;-1;-1;-1;-1;-1;-1;-1;-1;-1;-1;-1;-1;-1;-1;-1;-1;-1;-1;-1;-1;-1;-1;-1;-1;-1;-1;-1;-1;-1;-1;-1;-1;-1;-1;-1;-1;False;False;False;False;False;False;False;False;False;False;False;False;False;False;False;False;False;False;False;False;False;False;False;False;False;False;False;False;False;False;False;False;False;False;False;False;False;False;False;False;False;False;False;False;False;False;False;False;False;False;False;False;False;False;False;False;False;False;False;False;False;False;False;False;False;False;False;False;False;False;False;False;False;False;False;False;False;False;False;False;False;False;False;False;False;False;False;False;False;False;False;False;False;False;False;False;False;False;False;False;False;False;False;False;False;False;False;False;False;False;False;False;False;False;False;False;False;False;False;False;False;False;False;False;False;False;False;False;False;False;False;False;False;False;False;False;False;False;False;False;False;False;False;False;False;False;False;False;False;False;False;False;False;False;False;False;False;False;False;False;False;False;False;False;False;False;False;False;False;False;False;False;False;False;False;False;False;False;False;False;False;False;False;False;False;False;False;False;False;False;False;False;False;False;False;False;False;False;False;False;False;False;False;False;False;False;False;False;False;False;False;False;False;False;False;False;False;False;False;False;False;False;False;False;False;False;False;False;False;False;False;False;False;False;False;False;False;False;False;False;0;0;0;5;48058.550064422976;0.01;0.37673449516296387
2761;53.5;47.8;88.6;36.6;35.2;67.5;61.9;84.4;85.8;95.7;0;0;130.8;95.7;156.2;49.2;0;164.6;90.0;63.3;0;0;0;0;53.5;47.8;88.6;36.6;35.2;67.5;61.9;84.4;85.8;95.7;0;0;130.8;95.7;156.2;49.2;0;164.6;90.0;63.3;0;0;0;0;53.5;47.8;88.6;36.6;35.2;67.5;61.9;84.4;85.8;95.7;0;0;130.8;95.7;156.2;49.2;0;164.6;90.0;63.3;0;0;0;0;0;0;7.999416046;0;0;0;0;0;0;0;0;0;0;0;14.26776021;0;33.71804955;20.68336219;8.516466272;60.61010748;31.47378399;23.49067679;0;17.63219295;0;0;4.7754850410000005;0;0;0;0;0;0;0;0;0;7.146561042;5.949579032999999;0;0;0;0;0;3.512128495;20.53520663;0;0;40.43483185;0;2.69900004;0;0;0;0;9.067382977000001;0;0;5.888880867999999;0;0;0;0;0;0;0;0;0;0;0;0;0;0;0;0;-1;-1;-1;-1;-1;-1;-1;-1;-1;-1;-1;-1;-1;-1;-1;-1;-1;-1;-1;-1;-1;-1;-1;-1;-1;-1;1;-1;-1;-1;-1;-1;-1;-1;-1;-1;-1;-1;-1;-1;-1;-1;-1;-1;-1;-1;-1;-1;-1;-1;-1;-1;-1;-1;-1;-1;-1;-1;-1;-1;-1;-1;-1;-1;1;-1;1;-1;-1;-1;-1;-1;-1;-1;-1;-1;-1;-1;-1;-1;-1;-1;-1;-1;-1;-1;-1;-1;-1;-1;-1;-1;-1;-1;-1;-1;-1;-1;-1;-1;-1;-1;-1;-1;-1;-1;-1;-1;-1;-1;-1;-1;-1;-1;-1;-1;-1;-1;-1;-1;-1;-1;-1;-1;-1;-1;-1;-1;-1;-1;-1;-1;-1;-1;-1;-1;-1;-1;-1;-1;-1;-1;-1;-1;-1;-1;-1;-1;-1;-1;-1;-1;-1;-1;-1;-1;-1;-1;-1;-1;-1;-1;-1;-1;-1;-1;-1;-1;-1;-1;-1;-1;-1;-1;-1;-1;-1;-1;-1;-1;-1;-1;-1;-1;-1;-1;-1;-1;-1;-1;-1;-1;-1;-1;-1;-1;-1;-1;-1;-1;-1;-1;-1;-1;-1;-1;-1;-1;-1;-1;-1;-1;-1;-1;-1;-1;-1;-1;-1;-1;-1;-1;-1;-1;-1;-1;-1;-1;-1;-1;-1;-1;-1;-1;-1;-1;-1;-1;-1;-1;False;False;False;False;False;False;False;False;False;False;False;False;False;False;False;False;False;False;False;False;False;False;False;False;False;False;False;False;False;False;False;False;False;False;False;False;False;False;False;False;False;False;False;False;False;False;False;False;False;False;False;False;False;False;False;False;False;False;False;False;False;False;False;False;False;False;False;False;False;False;False;False;False;False;False;False;False;False;False;False;False;False;False;False;False;False;False;False;False;False;False;False;False;False;False;False;False;False;False;False;False;False;False;False;False;False;False;False;False;False;False;False;False;False;False;False;False;False;False;False;False;False;False;False;False;False;False;False;False;False;False;False;False;False;False;False;False;False;False;False;False;False;False;False;False;False;False;False;False;False;False;False;False;False;False;False;False;False;False;False;False;False;False;False;False;False;False;False;False;False;False;False;False;False;False;False;False;False;False;False;False;False;False;False;False;False;False;False;False;False;False;False;False;False;False;False;False;False;False;False;False;False;False;False;False;False;False;False;False;False;False;False;False;False;False;False;False;False;False;False;False;False;False;False;False;False;False;False;False;False;False;False;False;False;False;False;False;False;False;False;0;0;0;3;44420.10947703755;0.01;0.2128446102142334
2762;51.7;46.3;85.8;35.4;34.0;65.4;59.9;81.7;83.1;92.6;0;0;126.6;92.6;151.1;47.7;0;159.3;87.1;61.3;0;0;0;0;51.7;46.3;85.8;35.4;34.0;65.4;59.9;81.7;83.1;92.6;0;0;126.6;92.6;151.1;47.7;0;159.3;87.1;61.3;0;0;0;0;51.7;46.3;85.8;35.4;34.0;65.4;59.9;81.7;83.1;92.6;0;0;126.6;92.6;151.1;47.7;0;159.3;87.1;61.3;0;0;0;0;0;0;10.57179394;0;0;0;0;0;0;0;0;0;0;0;22.53277723;0;61.03113111;40.06388859;18.15988542;84.16697257;54.25906974;47.4883776;0;30.15081652;0;0;10.93393263;0;0;0;0;0;0;0;0;0;7.892638897;7.077986049;0;0;0;0;0;4.975338965;38.51218507;0;0;53.50144422;0;3.597812723;0;0;0;0;14.17463751;0;0;5.7711210139999976;0;0;0;0;0;0;0;0;0;0;0;0;0;0;0;0;-1;-1;-1;-1;-1;-1;-1;-1;-1;-1;-1;-1;-1;-1;-1;-1;-1;-1;-1;-1;-1;-1;-1;-1;-1;-1;1;-1;-1;-1;-1;-1;-1;-1;-1;-1;-1;-1;-1;-1;-1;-1;-1;-1;-1;-1;-1;-1;-1;-1;-1;-1;-1;-1;-1;-1;-1;-1;-1;-1;-1;-1;-1;-1;1;-1;1;-1;-1;-1;-1;-1;-1;-1;-1;-1;-1;-1;-1;-1;-1;-1;-1;-1;-1;-1;-1;-1;-1;-1;-1;-1;-1;-1;-1;-1;-1;-1;-1;-1;-1;-1;1;-1;-1;-1;-1;-1;-1;-1;-1;-1;-1;-1;-1;-1;-1;-1;-1;-1;-1;-1;-1;-1;-1;-1;-1;-1;-1;-1;-1;-1;-1;-1;-1;-1;-1;-1;-1;-1;-1;-1;-1;-1;-1;-1;-1;-1;-1;-1;-1;-1;-1;-1;-1;-1;-1;-1;-1;-1;-1;-1;-1;-1;-1;-1;-1;-1;-1;-1;-1;-1;-1;-1;-1;-1;-1;-1;-1;-1;-1;-1;-1;-1;-1;-1;-1;-1;-1;-1;-1;-1;-1;-1;-1;-1;-1;-1;-1;-1;-1;-1;-1;-1;-1;-1;-1;-1;-1;-1;-1;-1;-1;-1;-1;-1;-1;-1;-1;-1;-1;-1;-1;-1;-1;-1;-1;-1;-1;-1;-1;-1;-1;-1;-1;-1;-1;-1;1;-1;False;False;False;False;False;False;False;False;False;False;False;False;False;False;False;False;False;False;False;False;False;False;False;False;False;False;False;False;False;False;False;False;False;False;False;False;False;False;False;False;False;False;False;False;False;False;False;False;False;False;False;False;False;False;False;False;False;False;False;False;False;False;False;False;False;False;False;False;False;False;False;False;False;False;False;False;False;False;False;False;False;False;False;False;False;False;False;False;False;False;False;False;False;False;False;False;False;False;False;False;False;False;False;False;False;False;False;False;False;False;False;False;False;False;False;False;False;False;False;False;False;False;False;False;False;False;False;False;False;False;False;False;False;False;False;False;False;False;False;False;False;False;False;False;False;False;False;False;False;False;False;False;False;False;False;False;False;False;False;False;False;False;False;False;False;False;False;False;False;False;False;False;False;False;False;False;False;False;False;False;False;False;False;False;False;False;False;False;False;False;False;False;False;False;False;False;False;False;False;False;False;False;False;False;False;False;False;False;False;False;False;False;False;False;False;False;False;False;False;False;False;False;False;False;False;False;False;False;False;False;False;False;False;False;False;False;False;False;False;False;0;0;0;5;38457.29793778632;0.01;0.2804441452026367
2763;50.0;44.7;82.9;34.2;32.9;63.2;57.9;79.0;80.3;89.5;0;0;122.4;89.5;146.1;46.1;0;154.0;84.2;59.2;0;0;0;0;50.0;44.7;82.9;34.2;32.9;63.2;57.9;79.0;80.3;89.5;0;0;122.4;89.5;146.1;46.1;0;154.0;84.2;59.2;0;0;0;0;50.0;44.7;82.9;34.2;32.9;63.2;57.9;79.0;80.3;89.5;0;0;122.4;89.5;146.1;46.1;0;154.0;84.2;59.2;0;0;0;0;0;0;20.77229259;0;0;0;0;0;0;0;0;0;0;0;31.65616965;0;77.77386362;63.80481759;26.56075204;103.3355776;74.99558311;66.86725969;0;43.14001367;0;0;20.03164912;0;0;0;0;0;0;0;0;0;9.982085287;11.11098696;0;0;0;0;0;5.108639637;45.39569849;0;0;73.16733466;0;6.542348485;0;0;0;0;20.33210601;0;0;7.0051443110000005;0;0;0;0;0;0;0;0;0;0;0;0;0;0;0;0;-1;-1;-1;-1;-1;-1;-1;-1;-1;-1;-1;-1;-1;-1;-1;-1;-1;-1;-1;-1;-1;-1;-1;-1;-1;-1;1;-1;-1;-1;-1;-1;-1;-1;-1;-1;-1;-1;-1;-1;-1;-1;-1;-1;-1;-1;-1;-1;-1;-1;-1;-1;-1;-1;-1;-1;-1;-1;-1;-1;-1;-1;-1;-1;1;-1;1;-1;-1;-1;-1;-1;-1;-1;-1;-1;-1;-1;-1;-1;-1;-1;-1;-1;-1;-1;-1;-1;-1;-1;-1;-1;-1;-1;-1;-1;-1;-1;-1;-1;-1;-1;1;-1;-1;-1;-1;-1;-1;-1;-1;-1;-1;-1;-1;-1;-1;-1;-1;-1;-1;-1;-1;-1;-1;-1;-1;-1;-1;-1;-1;-1;-1;-1;-1;-1;-1;-1;-1;-1;-1;-1;-1;-1;-1;-1;-1;-1;-1;-1;-1;-1;-1;-1;-1;-1;-1;-1;-1;-1;-1;-1;-1;-1;-1;-1;-1;-1;-1;-1;-1;-1;-1;-1;-1;-1;-1;-1;-1;-1;-1;-1;-1;-1;-1;-1;-1;-1;-1;-1;-1;-1;-1;-1;-1;-1;-1;-1;-1;-1;-1;-1;-1;-1;-1;-1;-1;-1;-1;-1;-1;-1;-1;-1;-1;-1;-1;-1;-1;-1;-1;-1;-1;-1;-1;-1;-1;-1;-1;-1;-1;-1;-1;-1;-1;-1;-1;-1;1;-1;False;False;False;False;False;False;False;False;False;False;False;False;False;False;False;False;False;False;False;False;False;False;False;False;False;False;False;False;False;False;False;False;False;False;False;False;False;False;False;False;False;False;False;False;False;False;False;False;False;False;False;False;False;False;False;False;False;False;False;False;False;False;False;False;False;False;False;False;False;False;False;False;False;False;False;False;False;False;False;False;False;False;False;False;False;False;False;False;False;False;False;False;False;False;False;False;False;False;False;False;False;False;False;False;False;False;False;False;False;False;False;False;False;False;False;False;False;False;False;False;False;False;False;False;False;False;False;False;False;False;False;False;False;False;False;False;False;False;False;False;False;False;False;False;False;False;False;False;False;False;False;False;False;False;False;False;False;False;False;False;False;False;False;False;False;False;False;False;False;False;False;False;False;False;False;False;False;False;False;False;False;False;False;False;False;False;False;False;False;False;False;False;False;False;False;False;False;False;False;False;False;False;False;False;False;False;False;False;False;False;False;False;False;False;False;False;False;False;False;False;False;False;False;False;False;False;False;False;False;False;False;False;False;False;False;False;False;False;False;False;0;0;0;5;32590.70641970735;0.01;0.18674564361572266
2764;50.9;45.5;84.3;34.8;33.5;64.3;58.9;80.3;81.7;91.0;0;0;124.5;91.0;148.6;46.9;0;156.6;85.7;60.2;0;0;0;0;50.9;45.5;84.3;34.8;33.5;64.3;58.9;80.3;81.7;91.0;0;0;124.5;91.0;148.6;46.9;0;156.6;85.7;60.2;0;0;0;0;50.9;45.5;84.3;34.8;33.5;64.3;58.9;80.3;81.7;91.0;0;0;124.5;91.0;148.6;46.9;0;156.6;85.7;60.2;0;0;0;0;0;0;29.06961853;0;0;0;0;0;0;0;0;0;0;0;37.75605693;0;97.21620852;80.25249074;34.84445636;121.9192783;81.25354754;72.23883218;0;48.70464607;0;0;27.6391607;0;0;0;0;0;0;0;0;0;13.05710692;14.02435868;0;0;0;0;0;7.184751231;44.06650234;0;0;73.76544240000003;0;10.83778749;0;0;0;0;24.15429334;0;0;7.8588306060000015;0;0;0;0;0;0;0;0;0;0;0;0;0;0;0;0;-1;-1;-1;-1;-1;-1;-1;-1;-1;-1;-1;-1;-1;-1;-1;-1;-1;-1;-1;-1;-1;-1;-1;-1;-1;-1;1;-1;-1;-1;-1;-1;-1;-1;-1;-1;-1;-1;-1;-1;-1;-1;-1;-1;-1;-1;-1;-1;-1;1;-1;-1;-1;-1;-1;-1;-1;-1;-1;-1;-1;-1;-1;-1;1;-1;1;-1;-1;-1;-1;-1;-1;-1;-1;-1;-1;-1;-1;-1;-1;-1;-1;-1;-1;-1;-1;1;-1;-1;-1;-1;-1;-1;-1;-1;-1;-1;-1;-1;-1;-1;1;-1;-1;-1;-1;-1;-1;-1;-1;-1;-1;-1;-1;-1;-1;-1;-1;-1;-1;-1;-1;-1;-1;-1;-1;-1;-1;-1;-1;-1;-1;-1;-1;-1;-1;-1;-1;-1;-1;-1;-1;-1;-1;-1;-1;-1;-1;-1;-1;-1;-1;-1;-1;-1;-1;-1;-1;-1;-1;-1;-1;-1;-1;-1;-1;-1;-1;-1;-1;-1;-1;-1;-1;-1;-1;-1;-1;-1;-1;-1;-1;-1;-1;-1;-1;-1;-1;-1;-1;-1;-1;-1;-1;-1;-1;-1;-1;-1;-1;-1;-1;-1;-1;-1;-1;-1;-1;-1;-1;-1;-1;-1;-1;-1;-1;-1;-1;-1;-1;-1;-1;-1;-1;-1;-1;-1;-1;-1;-1;-1;-1;-1;-1;-1;-1;-1;1;-1;False;False;False;False;False;False;False;False;False;False;False;False;False;False;False;False;False;False;False;False;False;False;False;False;False;False;False;False;False;False;False;False;False;False;False;False;False;False;False;False;False;False;False;False;False;False;False;False;False;False;False;False;False;False;False;False;False;False;False;False;False;False;False;False;False;False;False;False;False;False;False;False;False;False;False;False;False;False;False;False;False;False;False;False;False;False;False;False;False;False;False;False;False;False;False;False;False;False;False;False;False;False;False;False;False;False;False;False;False;False;False;False;False;False;False;False;False;False;False;False;False;False;False;False;False;False;False;False;False;False;False;False;False;False;False;False;False;False;False;False;False;False;False;False;False;False;False;False;False;False;False;False;False;False;False;False;False;False;False;False;False;False;False;False;False;False;False;False;False;False;False;False;False;False;False;False;False;False;False;False;False;False;False;False;False;False;False;False;False;False;False;False;False;False;False;False;False;False;False;False;False;False;False;False;False;False;False;False;False;False;False;False;False;False;False;False;False;False;False;False;False;False;False;False;False;False;False;False;False;False;False;False;False;False;False;False;False;False;False;False;0;0;0;7;31926.851284570366;0.02;0.14995408058166504
2765;56.1;50.2;92.9;38.4;36.9;70.8;64.9;88.5;90.0;100.3;0;0;137.2;100.3;163.7;51.6;0;172.6;94.4;66.4;0;0;0;0;56.1;50.2;92.9;38.4;36.9;70.8;64.9;88.5;90.0;100.3;0;0;137.2;100.3;163.7;51.6;0;172.6;94.4;66.4;0;0;0;0;56.1;50.2;92.9;38.4;36.9;70.8;64.9;88.5;90.0;100.3;0;0;137.2;100.3;163.7;51.6;0;172.6;94.4;66.4;0;0;0;0;0;0;28.387669;0;0;0;0;0;0;0;0;0;0;0;41.28600616;0;105.79911409999998;92.15137238;41.10070039;115.85674740000002;87.31483373;76.43246686;0;40.7080277;0;0;41.68257487;0;0;0;0;0;0;0;0;0;16.08756252;13.71168723;0;0;0;0;0;8.589334251;46.85524051;0;0;66.08585102;0;13.52845124;0;0;0;0;31.52634019;0;0;8.68353876;0;0;0;0;0;0;0;0;0;0;0;0;0;0;0;0;-1;-1;-1;-1;-1;-1;-1;-1;-1;-1;-1;-1;-1;-1;-1;-1;-1;-1;-1;-1;-1;-1;-1;-1;-1;-1;1;-1;-1;-1;-1;-1;-1;-1;-1;-1;-1;-1;-1;-1;-1;-1;-1;-1;-1;-1;-1;-1;-1;1;-1;-1;-1;-1;-1;-1;-1;-1;-1;-1;-1;-1;-1;-1;1;-1;1;-1;-1;-1;-1;-1;-1;-1;-1;-1;-1;-1;-1;-1;-1;-1;-1;-1;-1;-1;-1;1;-1;-1;-1;-1;-1;-1;-1;-1;-1;-1;-1;-1;-1;-1;1;-1;-1;-1;-1;-1;-1;-1;-1;-1;-1;-1;-1;-1;-1;-1;-1;-1;-1;-1;-1;-1;-1;-1;-1;-1;-1;-1;-1;-1;-1;-1;-1;-1;-1;-1;-1;-1;-1;-1;-1;-1;-1;-1;-1;-1;-1;-1;-1;-1;-1;-1;-1;-1;-1;-1;-1;-1;-1;-1;-1;-1;-1;-1;-1;-1;-1;-1;-1;-1;-1;-1;-1;-1;-1;-1;-1;-1;-1;-1;-1;-1;-1;-1;-1;-1;-1;-1;-1;-1;-1;-1;-1;-1;-1;-1;-1;-1;-1;-1;-1;-1;-1;-1;-1;-1;-1;-1;-1;-1;-1;-1;-1;-1;-1;-1;-1;-1;-1;-1;-1;-1;-1;-1;-1;-1;-1;-1;-1;-1;-1;-1;-1;-1;-1;-1;1;-1;False;False;False;False;False;False;False;False;False;False;False;False;False;False;False;False;False;False;False;False;False;False;False;False;False;False;False;False;False;False;False;False;False;False;False;False;False;False;False;False;False;False;False;False;False;False;False;False;False;False;False;False;False;False;False;False;False;False;False;False;False;False;False;False;False;False;False;False;False;False;False;False;False;False;False;False;False;False;False;False;False;False;False;False;False;False;False;False;False;False;False;False;False;False;False;False;False;False;False;False;False;False;False;False;False;False;False;False;False;False;False;False;False;False;False;False;False;False;False;False;False;False;False;False;False;False;False;False;False;False;False;False;False;False;False;False;False;False;False;False;False;False;False;False;False;False;False;False;False;False;False;False;False;False;False;False;False;False;False;False;False;False;False;False;False;False;False;False;False;False;False;False;False;False;False;False;False;False;False;False;False;False;False;False;False;False;False;False;False;False;False;False;False;False;False;False;False;False;False;False;False;False;False;False;False;False;False;False;False;False;False;False;False;False;False;False;False;False;False;False;False;False;False;False;False;False;False;False;False;False;False;False;False;False;False;False;False;False;False;False;0;0;0;7;38352.112453957016;0.01;0.11044454574584961
2766;62.1;55.6;102.9;42.5;40.8;78.4;71.9;98.0;99.7;111.1;0;0;151.9;111.1;181.4;57.2;0;191.2;104.6;73.5;0;0;0;0;62.1;55.6;102.9;42.5;40.8;78.4;71.9;98.0;99.7;111.1;0;0;151.9;111.1;181.4;57.2;0;191.2;104.6;73.5;0;0;0;0;62.1;55.6;102.9;42.5;40.8;78.4;71.9;98.0;99.7;111.1;0;0;151.9;111.1;181.4;57.2;0;191.2;104.6;73.5;0;0;0;0;0;0;130.35849;0;0;0;0;0;0;0;0;0;0;0;147.2966635;0;331.5683522;328.4593316;164.28312;263.2233114;388.3732263;164.3533878;0;139.6403886;0;0;132.0939929;0;0;0;0;0;0;0;0;0;189.88273769999998;155.4209615;0;0;0;0;0;85.32812523;250.1492068;0;0;377.27219410000004;0;62.53315101;0;0;0;0;104.86013009999999;0;0;40.68812858;0;0;0;0;0;0;0;0;0;0;0;0;0;0;0;0;-1;-1;-1;-1;-1;-1;1;-1;-1;-1;-1;1;-1;-1;-1;-1;-1;-1;1;-1;-1;-1;1;1;-1;-1;-1;-1;-1;-1;-1;-1;-1;-1;-1;-1;-1;-1;1;-1;-1;-1;-1;-1;-1;-1;-1;-1;-1;1;-1;-1;-1;-1;1;-1;-1;-1;-1;-1;-1;-1;-1;-1;1;1;-1;-1;-1;-1;-1;-1;-1;-1;-1;-1;-1;-1;-1;-1;-1;-1;-1;-1;-1;-1;-1;1;-1;-1;-1;-1;-1;-1;-1;-1;-1;-1;-1;-1;-1;-1;1;-1;-1;-1;-1;-1;-1;-1;-1;-1;-1;-1;-1;-1;-1;-1;-1;-1;-1;-1;-1;-1;-1;-1;-1;-1;-1;-1;-1;-1;-1;-1;-1;-1;-1;-1;-1;-1;-1;-1;-1;-1;-1;-1;-1;-1;1;-1;-1;-1;1;-1;-1;-1;-1;1;-1;-1;-1;-1;-1;-1;-1;-1;-1;-1;-1;-1;-1;-1;-1;-1;-1;-1;-1;-1;-1;-1;-1;-1;-1;-1;-1;-1;-1;-1;-1;-1;-1;-1;-1;-1;-1;-1;-1;-1;-1;-1;-1;-1;-1;-1;-1;-1;-1;-1;-1;-1;-1;-1;-1;-1;-1;-1;-1;-1;-1;-1;-1;-1;-1;-1;-1;-1;-1;-1;-1;-1;-1;-1;-1;-1;-1;-1;1;-1;1;-1;False;False;False;False;False;False;False;False;False;False;False;False;False;False;False;False;False;False;False;False;False;False;False;False;False;False;False;False;False;False;False;False;False;False;False;False;False;False;False;False;False;False;False;False;False;False;False;False;False;False;False;False;False;False;False;False;False;False;False;False;False;False;False;False;False;False;False;False;False;False;False;False;False;False;False;False;False;False;False;False;False;False;False;False;False;False;False;False;False;False;False;False;False;False;False;False;False;False;False;False;False;False;False;False;False;False;False;False;False;False;False;False;False;False;False;False;False;False;False;False;False;False;False;False;False;False;False;False;False;False;False;False;False;False;False;False;False;False;False;False;False;False;False;False;False;False;False;False;False;False;False;False;False;False;False;False;False;False;False;False;False;False;False;False;False;False;False;False;False;False;False;False;False;False;False;False;False;False;False;False;False;False;False;False;False;False;False;False;False;False;False;False;False;False;False;False;False;False;False;False;False;False;False;False;False;False;False;False;False;False;False;False;False;False;False;False;False;False;False;False;False;False;False;False;False;False;False;False;False;False;False;False;False;False;False;False;False;False;False;False;0;0;0;17;15022.884816888658;0.04;0.15048527717590332
2767;73.3;65.6;121.5;50.2;48.2;92.6;84.9;115.7;117.7;131.2;0;0;179.4;131.2;214.1;67.5;0;225.7;123.4;86.8;0;0;0;0;73.3;65.6;121.5;50.2;48.2;92.6;84.9;115.7;117.7;131.2;0;0;179.4;131.2;214.1;67.5;0;225.7;123.4;86.8;0;0;0;0;73.3;65.6;121.5;50.2;48.2;92.6;84.9;115.7;117.7;131.2;0;0;179.4;131.2;214.1;67.5;0;225.7;123.4;86.8;0;0;0;0;0;0;89.10476408;0;0;0;0;0;0;0;0;0;0;0;128.5545199;0;314.9807526;339.9075725;173.6709506;244.63667850000002;404.89432289999996;163.61501830000003;0;122.5783592;0;0;122.6553125;0;0;0;0;0;0;0;0;0;189.57989880000002;205.6179866;0;0;0;0;0;87.01247381;193.06221619999997;0;0;408.4812938;0;35.52132171;0;0;0;0;106.87121609999998;0;0;34.99772147;0;0;0;0;0;0;0;0;0;0;0;0;0;0;0;0;-1;-1;-1;-1;-1;-1;1;-1;-1;1;-1;1;-1;-1;-1;-1;-1;-1;1;-1;-1;-1;1;1;-1;-1;1;-1;-1;-1;-1;-1;-1;-1;-1;-1;-1;-1;1;-1;-1;-1;-1;-1;-1;-1;-1;1;1;1;-1;-1;-1;-1;1;-1;-1;-1;-1;-1;-1;-1;-1;-1;1;1;-1;-1;-1;-1;-1;-1;-1;-1;-1;-1;-1;-1;-1;-1;-1;-1;-1;-1;-1;-1;1;1;-1;-1;-1;-1;-1;-1;-1;-1;-1;-1;-1;-1;-1;-1;1;-1;-1;-1;-1;-1;-1;-1;-1;-1;-1;-1;-1;-1;-1;-1;-1;-1;-1;-1;-1;-1;-1;-1;-1;-1;-1;-1;-1;-1;-1;-1;-1;-1;-1;-1;-1;-1;-1;-1;-1;-1;-1;-1;-1;-1;-1;-1;-1;-1;-1;-1;-1;-1;-1;-1;-1;-1;-1;-1;-1;-1;-1;-1;-1;-1;-1;-1;-1;-1;-1;-1;-1;-1;-1;-1;-1;-1;-1;-1;-1;-1;-1;-1;-1;-1;-1;-1;-1;-1;-1;-1;-1;-1;-1;-1;-1;-1;-1;-1;-1;-1;-1;-1;-1;-1;-1;-1;-1;-1;-1;-1;-1;-1;-1;-1;-1;-1;-1;-1;-1;-1;-1;-1;-1;-1;-1;-1;-1;-1;-1;-1;-1;-1;-1;-1;1;-1;False;False;False;False;False;False;False;False;False;False;False;False;False;False;False;False;False;False;False;False;False;False;False;False;False;False;False;False;False;False;False;False;False;False;False;False;False;False;False;False;False;False;False;False;False;False;False;False;False;False;False;False;False;False;False;False;False;False;False;False;False;False;False;False;False;False;False;False;False;False;False;False;False;False;False;False;False;False;False;False;False;False;False;False;False;False;False;False;False;False;False;False;False;False;False;False;False;False;False;False;False;False;False;False;False;False;False;False;False;False;False;False;False;False;False;False;False;False;False;False;False;False;False;False;False;False;False;False;False;False;False;False;False;False;False;False;False;False;False;False;False;False;False;False;False;False;False;False;False;False;False;False;False;False;False;False;False;False;False;False;False;False;False;False;False;False;False;False;False;False;False;False;False;False;False;False;False;False;False;False;False;False;False;False;False;False;False;False;False;False;False;False;False;False;False;False;False;False;False;False;False;False;False;False;False;False;False;False;False;False;False;False;False;False;False;False;False;False;False;False;False;False;False;False;False;False;False;False;False;False;False;False;False;False;False;False;False;False;False;False;0;0;0;18;25232.168377572947;0.01;0.18641328811645508
2768;81.9;73.3;135.8;56.1;53.9;103.5;94.9;129.3;131.5;146.6;0;0;200.5;146.6;239.3;75.5;0;252.2;138.0;97.0;0;0;0;0;81.9;73.3;135.8;56.1;53.9;103.5;94.9;129.3;131.5;146.6;0;0;200.5;146.6;239.3;75.5;0;252.2;138.0;97.0;0;0;0;0;81.9;73.3;135.8;56.1;53.9;103.5;94.9;129.3;131.5;146.6;0;0;200.5;146.6;239.3;75.5;0;252.2;138.0;97.0;0;0;0;0;0;0;76.62654636;0;0;0;0;0;0;0;0;0;0;0;117.55926969999999;0;293.3710631;356.3830822;166.7656921;238.44826859999998;397.88905930000004;153.1579146;0;117.2347635;0;0;131.93251809999998;0;0;0;0;0;0;0;0;0;179.6461065;208.8822927;0;0;0;0;0;82.3794378;171.0916063;0;0;409.6835599;0;37.07538467;0;0;0;0;93.32412545;0;0;36.95104462;0;0;0;0;0;0;0;0;0;0;0;0;0;0;0;0;-1;-1;-1;-1;-1;-1;1;-1;-1;1;-1;1;-1;-1;-1;-1;-1;-1;1;-1;-1;-1;1;1;-1;-1;1;-1;-1;-1;-1;-1;-1;-1;-1;-1;-1;-1;1;-1;-1;-1;-1;-1;-1;-1;-1;1;1;1;-1;-1;-1;-1;1;-1;-1;-1;-1;-1;-1;-1;-1;-1;1;-1;-1;-1;-1;-1;-1;-1;-1;-1;-1;-1;-1;-1;-1;-1;-1;-1;-1;-1;-1;-1;1;1;-1;-1;-1;-1;-1;-1;-1;-1;-1;-1;-1;-1;-1;-1;1;-1;-1;-1;-1;-1;-1;-1;-1;-1;-1;-1;-1;-1;-1;-1;-1;-1;-1;-1;-1;-1;-1;-1;-1;-1;-1;-1;-1;-1;-1;-1;-1;-1;-1;-1;-1;-1;-1;-1;-1;-1;-1;-1;-1;-1;-1;-1;-1;-1;-1;-1;-1;-1;-1;-1;-1;-1;-1;-1;-1;-1;-1;-1;-1;-1;-1;-1;-1;-1;-1;-1;-1;-1;-1;-1;-1;-1;-1;-1;-1;-1;-1;-1;-1;-1;-1;-1;-1;-1;-1;-1;-1;-1;-1;-1;-1;-1;-1;-1;-1;-1;-1;-1;-1;-1;-1;-1;-1;-1;-1;-1;-1;-1;-1;-1;-1;-1;-1;-1;-1;-1;-1;-1;-1;-1;-1;-1;-1;-1;-1;-1;-1;-1;-1;-1;1;-1;False;False;False;False;False;False;False;False;False;False;False;False;False;False;False;False;False;False;False;False;False;False;False;False;False;False;False;False;False;False;False;False;False;False;False;False;False;False;False;False;False;False;False;False;False;False;False;False;False;False;False;False;False;False;False;False;False;False;False;False;False;False;False;False;False;False;False;False;False;False;False;False;False;False;False;False;False;False;False;False;False;False;False;False;False;False;False;False;False;False;False;False;False;False;False;False;False;False;False;False;False;False;False;False;False;False;False;False;False;False;False;False;False;False;False;False;False;False;False;False;False;False;False;False;False;False;False;False;False;False;False;False;False;False;False;False;False;False;False;False;False;False;False;False;False;False;False;False;False;False;False;False;False;False;False;False;False;False;False;False;False;False;False;False;False;False;False;False;False;False;False;False;False;False;False;False;False;False;False;False;False;False;False;False;False;False;False;False;False;False;False;False;False;False;False;False;False;False;False;False;False;False;False;False;False;False;False;False;False;False;False;False;False;False;False;False;False;False;False;False;False;False;False;False;False;False;False;False;False;False;False;False;False;False;False;False;False;False;False;False;0;0;0;17;38027.33150919089;0.06;0.22938179969787598
2769;85.4;76.4;141.5;58.4;56.2;107.8;98.8;134.8;137.0;152.8;0;0;208.9;152.8;249.4;78.6;0;262.8;143.8;101.1;0;0;0;0;85.4;76.4;141.5;58.4;56.2;107.8;98.8;134.8;137.0;152.8;0;0;208.9;152.8;249.4;78.6;0;262.8;143.8;101.1;0;0;0;0;85.4;76.4;141.5;58.4;56.2;107.8;98.8;134.8;137.0;152.8;0;0;208.9;152.8;249.4;78.6;0;262.8;143.8;101.1;0;0;0;0;0;0;84.3380206;0;0;0;0;0;0;0;0;0;0;0;109.093372;0;301.2359603999999;358.00818839999994;164.39588930000005;242.8681227;385.1636797;146.60718909999997;0;113.7246842;0;0;133.4340922;0;0;0;0;0;0;0;0;0;170.90595359999998;199.3456128;0;0;0;0;0;82.62392678;188.88469980000002;0;0;404.53576830000003;0;40.96001282;0;0;0;0;96.84223739;0;0;40.0638141;0;0;0;0;0;0;0;0;0;0;0;0;0;0;0;0;-1;-1;-1;-1;-1;-1;1;-1;-1;1;-1;1;-1;-1;-1;-1;-1;-1;1;-1;-1;-1;1;1;-1;-1;1;-1;-1;-1;-1;-1;-1;-1;-1;-1;-1;-1;1;-1;-1;-1;-1;-1;-1;-1;-1;1;1;1;-1;-1;-1;-1;1;1;-1;-1;-1;-1;-1;-1;-1;-1;1;-1;-1;-1;-1;-1;-1;-1;-1;-1;-1;-1;-1;-1;-1;-1;-1;-1;-1;-1;-1;-1;1;1;-1;-1;-1;-1;-1;-1;-1;-1;-1;-1;-1;-1;-1;-1;1;-1;-1;-1;-1;-1;-1;-1;-1;-1;-1;-1;-1;-1;-1;-1;-1;-1;-1;-1;-1;-1;-1;-1;-1;-1;-1;-1;-1;-1;-1;-1;-1;-1;-1;-1;-1;-1;-1;-1;-1;-1;-1;-1;-1;-1;-1;-1;-1;-1;-1;-1;-1;-1;-1;-1;-1;-1;-1;-1;-1;-1;-1;-1;-1;-1;-1;-1;-1;-1;-1;-1;-1;-1;-1;-1;-1;-1;-1;-1;-1;-1;-1;-1;-1;-1;-1;-1;-1;-1;-1;-1;-1;-1;-1;-1;-1;-1;-1;-1;-1;-1;-1;-1;-1;-1;-1;-1;-1;-1;-1;-1;-1;-1;-1;-1;-1;-1;-1;-1;-1;-1;-1;-1;-1;-1;-1;-1;-1;-1;-1;-1;-1;-1;-1;-1;1;-1;False;False;False;False;False;False;False;False;False;False;False;False;False;False;False;False;False;False;False;False;False;False;False;False;False;False;False;False;False;False;False;False;False;False;False;False;False;False;False;False;False;False;False;False;False;False;False;False;False;False;False;False;False;False;False;False;False;False;False;False;False;False;False;False;False;False;False;False;False;False;False;False;False;False;False;False;False;False;False;False;False;False;False;False;False;False;False;False;False;False;False;False;False;False;False;False;False;False;False;False;False;False;False;False;False;False;False;False;False;False;False;False;False;False;False;False;False;False;False;False;False;False;False;False;False;False;False;False;False;False;False;False;False;False;False;False;False;False;False;False;False;False;False;False;False;False;False;False;False;False;False;False;False;False;False;False;False;False;False;False;False;False;False;False;False;False;False;False;False;False;False;False;False;False;False;False;False;False;False;False;False;False;False;False;False;False;False;False;False;False;False;False;False;False;False;False;False;False;False;False;False;False;False;False;False;False;False;False;False;False;False;False;False;False;False;False;False;False;False;False;False;False;False;False;False;False;False;False;False;False;False;False;False;False;False;False;False;False;False;False;0;0;0;18;42820.91387378767;0.04;0.5894992351531982
2770;86.2;77.2;143.0;59.0;56.7;108.9;99.8;136.2;138.4;154.3;0;0;211.0;154.3;251.9;79.4;0;265.5;145.2;102.1;0;0;0;0;86.2;77.2;143.0;59.0;56.7;108.9;99.8;136.2;138.4;154.3;0;0;211.0;154.3;251.9;79.4;0;265.5;145.2;102.1;0;0;0;0;86.2;77.2;143.0;59.0;56.7;108.9;99.8;136.2;138.4;154.3;0;0;211.0;154.3;251.9;79.4;0;265.5;145.2;102.1;0;0;0;0;0;0;88.76212847;0;0;0;0;0;0;0;0;0;0;0;105.9714126;0;301.3268242000001;341.7300773;152.0284199;242.07708689999998;367.6165605;132.1388703;0;101.71009659999999;0;0;125.9618899;0;0;0;0;0;0;0;0;0;169.77445580000003;187.0200481;0;0;0;0;0;81.21115285;198.3433379;0;0;387.9853656;0;47.51364271;0;0;0;0;103.6915693;0;0;40.04300245;0;0;0;0;0;0;0;0;0;0;0;0;0;0;0;0;-1;-1;-1;-1;-1;-1;1;-1;-1;1;-1;1;-1;-1;-1;-1;-1;-1;1;-1;-1;-1;1;1;-1;-1;1;-1;-1;-1;-1;-1;-1;-1;-1;-1;-1;-1;1;-1;-1;-1;-1;-1;-1;-1;-1;1;1;1;-1;-1;-1;-1;1;1;-1;-1;-1;-1;-1;-1;-1;-1;1;-1;-1;-1;-1;-1;-1;-1;-1;-1;-1;-1;-1;-1;-1;-1;-1;-1;-1;-1;-1;-1;1;1;-1;-1;-1;-1;-1;-1;-1;-1;-1;-1;-1;-1;-1;-1;1;-1;-1;-1;-1;-1;-1;-1;-1;-1;-1;-1;-1;-1;-1;-1;-1;-1;-1;-1;-1;-1;-1;-1;-1;-1;-1;-1;-1;-1;-1;-1;-1;-1;-1;-1;-1;-1;-1;-1;-1;-1;-1;-1;-1;-1;-1;-1;-1;-1;-1;-1;-1;-1;-1;-1;-1;-1;-1;-1;-1;-1;-1;-1;-1;-1;-1;-1;-1;-1;-1;-1;-1;-1;-1;-1;-1;-1;-1;-1;-1;-1;-1;-1;-1;-1;-1;-1;-1;-1;-1;-1;-1;-1;-1;-1;-1;-1;-1;-1;-1;-1;-1;-1;-1;-1;-1;-1;-1;-1;-1;-1;-1;-1;-1;-1;-1;-1;-1;-1;-1;-1;-1;-1;-1;-1;-1;-1;-1;-1;-1;-1;-1;-1;-1;-1;1;-1;False;False;False;False;False;False;False;False;False;False;False;False;False;False;False;False;False;False;False;False;False;False;False;False;False;False;False;False;False;False;False;False;False;False;False;False;False;False;False;False;False;False;False;False;False;False;False;False;False;False;False;False;False;False;False;False;False;False;False;False;False;False;False;False;False;False;False;False;False;False;False;False;False;False;False;False;False;False;False;False;False;False;False;False;False;False;False;False;False;False;False;False;False;False;False;False;False;False;False;False;False;False;False;False;False;False;False;False;False;False;False;False;False;False;False;False;False;False;False;False;False;False;False;False;False;False;False;False;False;False;False;False;False;False;False;False;False;False;False;False;False;False;False;False;False;False;False;False;False;False;False;False;False;False;False;False;False;False;False;False;False;False;False;False;False;False;False;False;False;False;False;False;False;False;False;False;False;False;False;False;False;False;False;False;False;False;False;False;False;False;False;False;False;False;False;False;False;False;False;False;False;False;False;False;False;False;False;False;False;False;False;False;False;False;False;False;False;False;False;False;False;False;False;False;False;False;False;False;False;False;False;False;False;False;False;False;False;False;False;False;0;0;0;18;44966.96361896103;0.04;0.24820184707641602
2771;85.4;76.4;141.5;58.4;56.2;107.8;98.8;134.8;137.0;152.8;0;0;208.9;152.8;249.4;78.6;0;262.8;143.8;101.1;0;0;0;0;85.4;76.4;141.5;58.4;56.2;107.8;98.8;134.8;137.0;152.8;0;0;208.9;152.8;249.4;78.6;0;262.8;143.8;101.1;0;0;0;0;85.4;76.4;141.5;58.4;56.2;107.8;98.8;134.8;137.0;152.8;0;0;208.9;152.8;249.4;78.6;0;262.8;143.8;101.1;0;0;0;0;0;0;97.0395094;0;0;0;0;0;0;0;0;0;0;0;101.2097371;0;292.40504080000005;314.2849892;149.14247969999997;245.3583787;367.3282332;128.8869454;0;106.0494374;0;0;131.743722;0;0;0;0;0;0;0;0;0;172.1619534;182.9524001;0;0;0;0;0;78.62438818;212.910514;0;0;370.1514557;0;55.18794834;0;0;0;0;109.75162920000001;0;0;44.4471078;0;0;0;0;0;0;0;0;0;0;0;0;0;0;0;0;-1;-1;-1;-1;-1;-1;1;-1;-1;1;-1;1;-1;-1;-1;-1;-1;-1;1;-1;-1;-1;1;1;-1;-1;1;-1;-1;-1;-1;-1;-1;-1;-1;-1;-1;-1;1;-1;-1;-1;-1;-1;-1;-1;-1;1;1;1;-1;-1;-1;-1;1;1;-1;-1;-1;-1;-1;-1;-1;-1;1;-1;-1;-1;-1;-1;-1;-1;-1;-1;-1;-1;-1;-1;-1;-1;-1;-1;-1;-1;-1;-1;1;1;-1;-1;-1;-1;-1;-1;-1;-1;-1;-1;-1;-1;-1;-1;1;-1;-1;-1;-1;-1;-1;-1;-1;-1;-1;-1;-1;-1;-1;-1;-1;-1;-1;-1;-1;-1;-1;-1;-1;-1;-1;-1;-1;-1;-1;-1;-1;-1;-1;-1;-1;-1;-1;-1;-1;-1;-1;-1;-1;-1;-1;-1;-1;-1;-1;-1;-1;-1;-1;-1;-1;-1;-1;-1;-1;-1;-1;-1;-1;-1;-1;-1;-1;-1;-1;-1;-1;-1;-1;-1;-1;-1;-1;-1;-1;-1;-1;-1;-1;-1;-1;-1;-1;-1;-1;-1;-1;-1;-1;-1;-1;-1;-1;-1;-1;-1;-1;-1;-1;-1;-1;-1;-1;-1;-1;-1;-1;-1;-1;-1;-1;-1;-1;-1;-1;-1;-1;-1;-1;-1;-1;-1;-1;-1;-1;-1;-1;-1;-1;-1;1;-1;False;False;False;False;False;False;False;False;False;False;False;False;False;False;False;False;False;False;False;False;False;False;False;False;False;False;False;False;False;False;False;False;False;False;False;False;False;False;False;False;False;False;False;False;False;False;False;False;False;False;False;False;False;False;False;False;False;False;False;False;False;False;False;False;False;False;False;False;False;False;False;False;False;False;False;False;False;False;False;False;False;False;False;False;False;False;False;False;False;False;False;False;False;False;False;False;False;False;False;False;False;False;False;False;False;False;False;False;False;False;False;False;False;False;False;False;False;False;False;False;False;False;False;False;False;False;False;False;False;False;False;False;False;False;False;False;False;False;False;False;False;False;False;False;False;False;False;False;False;False;False;False;False;False;False;False;False;False;False;False;False;False;False;False;False;False;False;False;False;False;False;False;False;False;False;False;False;False;False;False;False;False;False;False;False;False;False;False;False;False;False;False;False;False;False;False;False;False;False;False;False;False;False;False;False;False;False;False;False;False;False;False;False;False;False;False;False;False;False;False;False;False;False;False;False;False;False;False;False;False;False;False;False;False;False;False;False;False;False;False;0;0;0;18;43638.35435637707;0.04;0.24364495277404785
2772;80.2;71.8;133.0;54.9;52.8;101.3;92.9;126.6;128.7;143.5;0;0;196.3;143.5;234.3;73.9;0;246.9;135.1;95.0;0;0;0;0;80.2;71.8;133.0;54.9;52.8;101.3;92.9;126.6;128.7;143.5;0;0;196.3;143.5;234.3;73.9;0;246.9;135.1;95.0;0;0;0;0;80.2;71.8;133.0;54.9;52.8;101.3;92.9;126.6;128.7;143.5;0;0;196.3;143.5;234.3;73.9;0;246.9;135.1;95.0;0;0;0;0;0;0;28.8403182;0;0;0;0;0;0;0;0;0;0;0;37.61327944;0;105.410503;82.55139135;40.38213683;78.42325202;112.24804909999999;29.7595026;0;26.93031852;0;0;43.83609839;0;0;0;0;0;0;0;0;0;72.12449076;36.08998541;0;0;0;0;0;27.47116747;97.61973023;0;0;114.45066570000002;0;31.10552287;0;0;0;0;38.28812933;0;0;13.82461874;0;0;0;0;0;0;0;0;0;0;0;0;0;0;0;0;-1;-1;-1;-1;-1;-1;-1;-1;-1;1;-1;-1;-1;-1;-1;-1;-1;-1;-1;-1;-1;-1;-1;-1;-1;-1;-1;-1;-1;-1;-1;-1;-1;-1;-1;-1;-1;-1;-1;-1;-1;-1;-1;-1;-1;-1;-1;1;-1;1;-1;-1;-1;-1;-1;1;-1;-1;-1;-1;-1;-1;-1;-1;1;-1;-1;-1;-1;-1;-1;-1;-1;-1;-1;-1;-1;-1;-1;-1;-1;-1;-1;-1;-1;1;-1;-1;-1;-1;-1;-1;-1;-1;-1;-1;-1;-1;-1;-1;-1;-1;1;-1;-1;-1;-1;-1;-1;-1;-1;-1;-1;-1;-1;-1;-1;-1;-1;-1;-1;-1;-1;-1;-1;-1;-1;-1;-1;-1;-1;-1;-1;-1;-1;-1;-1;-1;-1;-1;-1;-1;-1;-1;-1;-1;-1;-1;-1;-1;-1;-1;-1;-1;-1;-1;-1;-1;-1;-1;-1;-1;-1;-1;-1;-1;-1;-1;-1;-1;-1;-1;-1;-1;-1;-1;-1;-1;-1;-1;-1;-1;-1;-1;-1;-1;-1;-1;-1;-1;-1;-1;-1;-1;-1;-1;-1;-1;-1;-1;-1;-1;-1;-1;-1;-1;-1;-1;-1;-1;-1;-1;-1;-1;-1;-1;-1;-1;-1;-1;-1;-1;-1;-1;-1;-1;-1;-1;-1;-1;-1;-1;-1;-1;-1;-1;-1;-1;1;-1;False;False;False;False;False;False;False;False;False;False;False;False;False;False;False;False;False;False;False;False;False;False;False;False;False;False;False;False;False;False;False;False;False;False;False;False;False;False;False;False;False;False;False;False;False;False;False;False;False;False;False;False;False;False;False;False;False;False;False;False;False;False;False;False;False;False;False;False;False;False;False;False;False;False;False;False;False;False;False;False;False;False;False;False;False;False;False;False;False;False;False;False;False;False;False;False;False;False;False;False;False;False;False;False;False;False;False;False;False;False;False;False;False;False;False;False;False;False;False;False;False;False;False;False;False;False;False;False;False;False;False;False;False;False;False;False;False;False;False;False;False;False;False;False;False;False;False;False;False;False;False;False;False;False;False;False;False;False;False;False;False;False;False;False;False;False;False;False;False;False;False;False;False;False;False;False;False;False;False;False;False;False;False;False;False;False;False;False;False;False;False;False;False;False;False;False;False;False;False;False;False;False;False;False;False;False;False;False;False;False;False;False;False;False;False;False;False;False;False;False;False;False;False;False;False;False;False;False;False;False;False;False;False;False;False;False;False;False;False;False;0;0;0;8;70447.78501131118;0.03;0.38958215713500977
2773;79.3;71.0;131.5;54.3;52.2;100.2;91.9;125.3;127.3;142.0;0;0;194.2;142.0;231.7;73.1;0;244.3;133.6;93.9;0;0;0;0;79.3;71.0;131.5;54.3;52.2;100.2;91.9;125.3;127.3;142.0;0;0;194.2;142.0;231.7;73.1;0;244.3;133.6;93.9;0;0;0;0;79.3;71.0;131.5;54.3;52.2;100.2;91.9;125.3;127.3;142.0;0;0;194.2;142.0;231.7;73.1;0;244.3;133.6;93.9;0;0;0;0;0;0;40.90838460000001;0;0;0;0;0;0;0;0;0;0;0;51.62491587;0;150.96541000000005;117.2391216;65.89374404;101.7770802;145.8974805;43.20606528;0;33.76783176;0;0;61.51644994;0;0;0;0;0;0;0;0;0;86.85405389;48.12303036;0;0;0;0;0;38.59029454;100.0753349;0;0;160.5174226;0;37.65877283;0;0;0;0;44.40548632;0;0;15.92163047;0;0;0;0;0;0;0;0;0;0;0;0;0;0;0;0;1;-1;-1;-1;-1;-1;-1;-1;-1;1;-1;1;-1;-1;-1;-1;-1;-1;-1;-1;-1;-1;-1;-1;-1;-1;1;-1;-1;-1;-1;-1;-1;-1;-1;-1;-1;-1;1;-1;-1;-1;-1;-1;-1;-1;-1;1;1;1;-1;-1;-1;-1;-1;1;-1;-1;-1;-1;-1;-1;-1;-1;1;-1;-1;-1;-1;-1;-1;-1;-1;-1;-1;-1;-1;-1;-1;-1;-1;-1;-1;-1;-1;1;-1;-1;-1;-1;-1;-1;-1;-1;-1;-1;-1;-1;-1;-1;-1;-1;1;-1;-1;-1;-1;-1;-1;-1;-1;-1;-1;-1;-1;-1;-1;-1;-1;-1;-1;-1;-1;-1;-1;-1;-1;-1;-1;-1;-1;-1;-1;-1;-1;-1;-1;-1;-1;-1;-1;-1;-1;-1;-1;-1;-1;-1;-1;-1;-1;-1;-1;-1;-1;-1;-1;-1;-1;-1;-1;-1;-1;-1;-1;-1;-1;-1;-1;-1;-1;-1;-1;-1;-1;-1;-1;-1;-1;-1;-1;-1;-1;-1;-1;-1;-1;-1;-1;-1;-1;-1;-1;-1;-1;-1;-1;-1;-1;-1;-1;-1;-1;-1;-1;-1;-1;-1;-1;-1;-1;-1;-1;-1;-1;-1;-1;-1;-1;-1;-1;-1;-1;-1;-1;-1;-1;-1;-1;-1;-1;-1;-1;-1;-1;-1;-1;-1;1;-1;False;False;False;False;False;False;False;False;False;False;False;False;False;False;False;False;False;False;False;False;False;False;False;False;False;False;False;False;False;False;False;False;False;False;False;False;False;False;False;False;False;False;False;False;False;False;False;False;False;False;False;False;False;False;False;False;False;False;False;False;False;False;False;False;False;False;False;False;False;False;False;False;False;False;False;False;False;False;False;False;False;False;False;False;False;False;False;False;False;False;False;False;False;False;False;False;False;False;False;False;False;False;False;False;False;False;False;False;False;False;False;False;False;False;False;False;False;False;False;False;False;False;False;False;False;False;False;False;False;False;False;False;False;False;False;False;False;False;False;False;False;False;False;False;False;False;False;False;False;False;False;False;False;False;False;False;False;False;False;False;False;False;False;False;False;False;False;False;False;False;False;False;False;False;False;False;False;False;False;False;False;False;False;False;False;False;False;False;False;False;False;False;False;False;False;False;False;False;False;False;False;False;False;False;False;False;False;False;False;False;False;False;False;False;False;False;False;False;False;False;False;False;False;False;False;False;False;False;False;False;False;False;False;False;False;False;False;False;False;False;0;0;0;13;63058.906486024236;0.03;0.12219548225402832
2774;77.6;69.4;128.7;53.1;51.1;98.0;89.9;122.5;124.6;138.9;0;0;189.9;138.9;226.7;71.5;0;239.0;130.7;91.9;0;0;0;0;77.6;69.4;128.7;53.1;51.1;98.0;89.9;122.5;124.6;138.9;0;0;189.9;138.9;226.7;71.5;0;239.0;130.7;91.9;0;0;0;0;77.6;69.4;128.7;53.1;51.1;98.0;89.9;122.5;124.6;138.9;0;0;189.9;138.9;226.7;71.5;0;239.0;130.7;91.9;0;0;0;0;0;0;45.96453029999999;0;0;0;0;0;0;0;0;0;0;0;51.16767806;0;161.10306409999995;125.1884467;68.2663391;102.6253552;175.19484340000002;43.80376535;0;39.11806281;0;0;64.78461977;0;0;0;0;0;0;0;0;0;91.29881162;57.17308015;0;0;0;0;0;40.25461383;108.3248622;0;0;185.7676241;0;40.11521189;0;0;0;0;46.92120193;0;0;15.508057500000001;0;0;0;0;0;0;0;0;0;0;0;0;0;0;0;0;-1;-1;-1;-1;-1;-1;-1;-1;-1;1;-1;1;-1;-1;-1;-1;-1;-1;-1;-1;-1;-1;-1;-1;-1;-1;1;-1;-1;-1;-1;-1;-1;-1;-1;-1;-1;-1;1;-1;-1;-1;-1;-1;-1;-1;-1;1;1;1;-1;-1;-1;-1;1;1;-1;-1;-1;-1;-1;-1;-1;-1;1;-1;-1;-1;-1;-1;-1;-1;-1;-1;-1;-1;-1;-1;-1;-1;-1;-1;-1;-1;-1;1;-1;-1;-1;-1;-1;-1;-1;-1;-1;-1;-1;-1;-1;-1;-1;-1;1;-1;-1;-1;-1;-1;-1;-1;-1;-1;-1;-1;-1;-1;-1;-1;-1;-1;-1;-1;-1;-1;-1;-1;-1;-1;-1;-1;-1;-1;-1;-1;-1;-1;-1;-1;-1;-1;-1;-1;-1;-1;-1;-1;-1;-1;-1;-1;-1;-1;-1;-1;-1;-1;-1;-1;-1;-1;-1;-1;-1;-1;-1;-1;-1;-1;-1;-1;-1;-1;-1;-1;-1;-1;-1;-1;-1;-1;-1;-1;-1;-1;-1;-1;-1;-1;-1;-1;-1;-1;-1;-1;-1;-1;-1;-1;-1;-1;-1;-1;-1;-1;-1;-1;-1;-1;-1;-1;-1;-1;-1;-1;-1;-1;-1;-1;-1;-1;-1;-1;-1;-1;-1;-1;-1;-1;-1;-1;-1;-1;-1;-1;-1;-1;-1;-1;1;-1;False;False;False;False;False;False;False;False;False;False;False;False;False;False;False;False;False;False;False;False;False;False;False;False;False;False;False;False;False;False;False;False;False;False;False;False;False;False;False;False;False;False;False;False;False;False;False;False;False;False;False;False;False;False;False;False;False;False;False;False;False;False;False;False;False;False;False;False;False;False;False;False;False;False;False;False;False;False;False;False;False;False;False;False;False;False;False;False;False;False;False;False;False;False;False;False;False;False;False;False;False;False;False;False;False;False;False;False;False;False;False;False;False;False;False;False;False;False;False;False;False;False;False;False;False;False;False;False;False;False;False;False;False;False;False;False;False;False;False;False;False;False;False;False;False;False;False;False;False;False;False;False;False;False;False;False;False;False;False;False;False;False;False;False;False;False;False;False;False;False;False;False;False;False;False;False;False;False;False;False;False;False;False;False;False;False;False;False;False;False;False;False;False;False;False;False;False;False;False;False;False;False;False;False;False;False;False;False;False;False;False;False;False;False;False;False;False;False;False;False;False;False;False;False;False;False;False;False;False;False;False;False;False;False;False;False;False;False;False;False;0;0;0;13;58396.000502201416;0.01;0.18316245079040527
2775;75.9;67.9;125.8;51.9;49.9;95.9;87.9;119.8;121.8;135.8;0;0;185.7;135.8;221.7;69.9;0;233.6;127.8;89.9;0;0;0;0;75.9;67.9;125.8;51.9;49.9;95.9;87.9;119.8;121.8;135.8;0;0;185.7;135.8;221.7;69.9;0;233.6;127.8;89.9;0;0;0;0;75.9;67.9;125.8;51.9;49.9;95.9;87.9;119.8;121.8;135.8;0;0;185.7;135.8;221.7;69.9;0;233.6;127.8;89.9;0;0;0;0;0;0;57.32711529;0;0;0;0;0;0;0;0;0;0;0;58.22101461;0;180.0093449;135.5124711;76.21187953;112.3217963;195.8721385;49.48206789;0;51.27507425;0;0;84.62073765;0;0;0;0;0;0;0;0;0;99.97673267;71.23608288;0;0;0;0;0;40.18984717;125.5983607;0;0;210.9569727;0;38.36902191;0;0;0;0;51.07679046;0;0;18.97776661;0;0;0;0;0;0;0;0;0;0;0;0;0;0;0;0;-1;-1;-1;-1;-1;-1;-1;-1;-1;1;-1;1;-1;-1;-1;-1;-1;-1;-1;-1;-1;-1;-1;-1;-1;-1;1;-1;-1;-1;-1;-1;-1;-1;-1;-1;-1;-1;1;-1;-1;-1;-1;-1;-1;-1;-1;1;1;1;-1;-1;-1;-1;1;1;-1;-1;-1;-1;-1;-1;-1;-1;1;-1;-1;-1;-1;-1;-1;-1;-1;-1;-1;-1;-1;-1;-1;-1;-1;-1;-1;-1;-1;1;-1;-1;-1;-1;-1;-1;-1;-1;-1;-1;-1;-1;-1;-1;-1;-1;1;-1;-1;-1;-1;-1;-1;-1;-1;-1;-1;-1;-1;-1;-1;-1;-1;-1;-1;-1;-1;-1;-1;-1;-1;-1;-1;-1;-1;-1;-1;-1;-1;-1;-1;-1;-1;-1;-1;-1;-1;-1;-1;-1;-1;-1;-1;-1;-1;-1;-1;-1;-1;-1;-1;-1;-1;-1;-1;-1;-1;-1;-1;-1;-1;-1;-1;-1;-1;-1;-1;-1;-1;-1;-1;-1;-1;-1;-1;-1;-1;-1;-1;-1;-1;-1;-1;-1;-1;-1;-1;-1;-1;-1;-1;-1;-1;-1;-1;-1;-1;-1;-1;-1;-1;-1;-1;-1;-1;-1;-1;-1;-1;-1;-1;-1;-1;-1;-1;-1;-1;-1;-1;-1;-1;-1;-1;-1;-1;-1;-1;-1;-1;-1;-1;-1;1;-1;False;False;False;False;False;False;False;False;False;False;False;False;False;False;False;False;False;False;False;False;False;False;False;False;False;False;False;False;False;False;False;False;False;False;False;False;False;False;False;False;False;False;False;False;False;False;False;False;False;False;False;False;False;False;False;False;False;False;False;False;False;False;False;False;False;False;False;False;False;False;False;False;False;False;False;False;False;False;False;False;False;False;False;False;False;False;False;False;False;False;False;False;False;False;False;False;False;False;False;False;False;False;False;False;False;False;False;False;False;False;False;False;False;False;False;False;False;False;False;False;False;False;False;False;False;False;False;False;False;False;False;False;False;False;False;False;False;False;False;False;False;False;False;False;False;False;False;False;False;False;False;False;False;False;False;False;False;False;False;False;False;False;False;False;False;False;False;False;False;False;False;False;False;False;False;False;False;False;False;False;False;False;False;False;False;False;False;False;False;False;False;False;False;False;False;False;False;False;False;False;False;False;False;False;False;False;False;False;False;False;False;False;False;False;False;False;False;False;False;False;False;False;False;False;False;False;False;False;False;False;False;False;False;False;False;False;False;False;False;False;0;0;0;13;52414.200414619474;0.02;0.3530435562133789
2776;77.6;69.4;128.7;53.1;51.1;98.0;89.9;122.5;124.6;138.9;0;0;189.9;138.9;226.7;71.5;0;239.0;130.7;91.9;0;0;0;0;77.6;69.4;128.7;53.1;51.1;98.0;89.9;122.5;124.6;138.9;0;0;189.9;138.9;226.7;71.5;0;239.0;130.7;91.9;0;0;0;0;77.6;69.4;128.7;53.1;51.1;98.0;89.9;122.5;124.6;138.9;0;0;189.9;138.9;226.7;71.5;0;239.0;130.7;91.9;0;0;0;0;0;0;73.10643432;0;0;0;0;0;0;0;0;0;0;0;76.27932233;0;201.11847219999999;164.7671167;79.9721935;146.0184875;221.4965333;58.77047679;0;69.43830651;0;0;109.7370136;0;0;0;0;0;0;0;0;0;113.77900009999999;94.80626304;0;0;0;0;0;44.72958522;152.4425372;0;0;240.6736256;0;42.33385784;0;0;0;0;58.48967944;0;0;26.89629611;0;0;0;0;0;0;0;0;0;0;0;0;0;0;0;0;-1;-1;-1;-1;-1;-1;1;-1;-1;1;-1;1;-1;-1;-1;-1;-1;-1;-1;-1;-1;-1;1;-1;-1;-1;1;-1;-1;-1;-1;-1;-1;-1;-1;-1;-1;-1;-1;-1;-1;-1;-1;-1;-1;-1;-1;1;1;1;-1;-1;-1;-1;1;1;-1;-1;-1;-1;-1;-1;-1;-1;1;-1;-1;-1;-1;-1;-1;-1;-1;-1;-1;-1;-1;-1;-1;-1;-1;-1;-1;-1;-1;-1;-1;1;-1;-1;-1;-1;-1;-1;-1;-1;-1;-1;-1;-1;-1;-1;1;-1;-1;-1;-1;-1;-1;-1;-1;-1;-1;-1;-1;-1;-1;-1;-1;-1;-1;-1;-1;-1;-1;-1;-1;-1;-1;-1;-1;-1;-1;-1;-1;-1;-1;-1;-1;-1;-1;-1;-1;-1;-1;-1;-1;-1;-1;-1;-1;-1;-1;-1;-1;-1;-1;-1;-1;-1;-1;-1;-1;-1;-1;-1;-1;-1;-1;-1;-1;-1;-1;-1;-1;-1;-1;-1;-1;-1;-1;-1;-1;-1;-1;-1;-1;-1;-1;-1;-1;-1;-1;-1;-1;-1;-1;-1;-1;-1;-1;-1;-1;-1;-1;-1;-1;-1;-1;-1;-1;-1;-1;-1;-1;-1;-1;-1;-1;-1;-1;-1;-1;-1;-1;-1;-1;-1;-1;-1;-1;-1;-1;-1;-1;-1;-1;-1;1;-1;False;False;False;False;False;False;False;False;False;False;False;False;False;False;False;False;False;False;False;False;False;False;False;False;False;False;False;False;False;False;False;False;False;False;False;False;False;False;False;False;False;False;False;False;False;False;False;False;True;False;False;False;False;False;False;False;False;False;False;False;False;False;False;False;False;False;False;False;False;False;False;False;False;False;False;False;False;False;False;False;False;False;False;False;False;False;False;False;False;False;False;False;False;False;False;False;False;False;False;False;False;False;False;False;False;False;False;False;False;False;False;False;False;False;False;False;False;False;False;False;False;False;False;False;False;False;False;False;False;False;False;False;False;False;False;False;False;False;False;False;False;False;False;False;False;False;False;False;False;False;False;False;False;False;False;False;False;False;False;False;False;False;False;False;False;False;False;False;False;False;False;False;False;False;False;False;False;False;False;False;False;False;False;False;False;False;False;False;False;False;False;False;False;False;False;False;False;False;False;False;False;False;False;False;False;False;False;False;False;False;False;False;False;False;False;False;False;False;False;False;False;False;False;False;False;False;False;False;False;False;False;False;False;False;False;False;False;False;False;False;0.609764814376831;0.04;1;14;49584.940481547565;0.04;0.5640277862548828
2777;79.3;71.0;131.5;54.3;52.2;100.2;91.9;125.3;127.3;142.0;0;0;194.2;142.0;231.7;73.1;0;244.3;133.6;93.9;0;0;0;0;79.3;71.0;131.5;54.3;52.2;100.2;91.9;125.3;127.3;142.0;0;0;194.2;142.0;231.7;73.1;0;244.3;133.6;93.9;0;0;0;0;79.3;71.0;131.5;54.3;52.2;100.2;91.9;125.3;127.3;142.0;0;0;194.2;142.0;231.7;73.1;0;244.3;133.6;93.9;0;0;0;0;0;0;94.07265027;0;0;0;0;0;0;0;0;0;0;0;95.8489043;0;219.39446490000003;185.300366;84.86912671;185.4029543;242.2566215;72.5704645;0;86.47372802;0;0;127.64195009999999;0;0;0;0;0;0;0;0;0;125.40464899999999;107.77004029999999;0;0;0;0;0;51.56278761;173.8425011;0;0;257.92776230000004;0;46.04962849;0;0;0;0;69.87808073;0;0;33.76333773;0;0;0;0;0;0;0;0;0;0;0;0;0;0;0;0;-1;-1;-1;-1;-1;-1;1;-1;-1;1;-1;1;-1;-1;-1;-1;-1;-1;-1;-1;-1;-1;1;-1;-1;-1;1;-1;-1;-1;-1;-1;-1;-1;-1;-1;-1;-1;-1;-1;-1;-1;-1;-1;-1;-1;-1;1;1;1;-1;-1;-1;-1;1;1;-1;-1;-1;-1;-1;-1;-1;-1;1;-1;-1;-1;-1;-1;-1;-1;-1;-1;-1;-1;-1;-1;-1;-1;-1;-1;-1;-1;-1;-1;-1;1;-1;-1;-1;-1;-1;-1;-1;-1;-1;-1;-1;-1;-1;-1;1;-1;-1;-1;-1;-1;-1;-1;-1;-1;-1;-1;-1;-1;-1;-1;-1;-1;-1;-1;-1;-1;-1;-1;-1;-1;-1;-1;-1;-1;-1;-1;-1;-1;-1;-1;-1;-1;-1;-1;-1;-1;-1;-1;-1;-1;-1;-1;-1;-1;-1;-1;-1;-1;-1;-1;-1;-1;-1;-1;-1;-1;-1;-1;-1;-1;-1;-1;-1;-1;-1;-1;-1;-1;-1;-1;-1;-1;-1;-1;-1;-1;-1;-1;-1;-1;-1;-1;-1;-1;-1;-1;-1;-1;-1;-1;-1;-1;-1;-1;-1;-1;-1;-1;-1;-1;-1;-1;-1;-1;-1;-1;-1;-1;-1;-1;-1;-1;-1;-1;-1;-1;-1;-1;-1;-1;-1;-1;-1;-1;-1;-1;-1;-1;-1;-1;1;-1;False;False;False;False;False;False;False;False;False;False;False;False;False;False;False;False;False;False;False;False;False;False;False;False;False;False;False;False;False;False;False;False;False;False;False;False;False;False;False;False;False;False;False;False;False;False;False;False;False;False;False;False;False;False;False;False;False;False;False;False;False;False;False;False;False;False;False;False;False;False;False;False;False;False;False;False;False;False;False;False;False;False;False;False;False;False;False;False;False;False;False;False;False;False;False;False;False;False;False;False;False;False;False;False;False;False;False;False;False;False;False;False;False;False;False;False;False;False;False;False;False;False;False;False;False;False;False;False;False;False;False;False;False;False;False;False;False;False;False;False;False;False;False;False;False;False;False;False;False;False;False;False;False;False;False;False;False;False;False;False;False;False;False;False;False;False;False;False;False;False;False;False;False;False;False;False;False;False;False;False;False;False;False;False;False;False;False;False;False;False;False;False;False;False;False;False;False;False;False;False;False;False;False;False;False;False;False;False;False;False;False;False;False;False;False;False;False;False;False;False;False;False;False;False;False;False;False;False;False;False;False;False;False;False;False;False;False;False;False;False;0;0;0;14;47326.57818983899;0.06;0.18950843811035156
2778;82.8;74.1;137.2;56.6;54.5;104.6;95.9;130.7;132.9;148.1;0;0;202.6;148.1;241.8;76.2;0;254.9;139.4;98.0;0;0;0;0;82.8;74.1;137.2;56.6;54.5;104.6;95.9;130.7;132.9;148.1;0;0;202.6;148.1;241.8;76.2;0;254.9;139.4;98.0;0;0;0;0;82.8;74.1;137.2;56.6;54.5;104.6;95.9;130.7;132.9;148.1;0;0;202.6;148.1;241.8;76.2;0;254.9;139.4;98.0;0;0;0;0;0;0;12.82530828;0;0;0;0;0;0;0;0;0;0;0;5.279274508;0;15.60858134;10.8419304;1.196778976;17.39002708;19.038673899999996;2.7915914660000003;0;7.740018888;0;0;14.19836644;0;0;0;0;0;0;0;0;0;10.12257862;1.255256887;0;0;0;0;0;3.891258016;22.79969736;0;0;20.82219708;0;0.672201142;0;0;0;0;1.234182112;0;0;2.7449918010000003;0;0;0;0;0;0;0;0;0;0;0;0;0;0;0;0;-1;-1;-1;-1;-1;-1;-1;-1;-1;-1;-1;-1;-1;-1;-1;-1;-1;-1;-1;-1;-1;-1;-1;-1;-1;-1;-1;-1;-1;-1;-1;-1;-1;-1;-1;-1;-1;-1;-1;-1;-1;-1;-1;-1;-1;-1;-1;-1;-1;-1;-1;-1;-1;-1;-1;-1;-1;-1;-1;-1;-1;-1;-1;-1;1;-1;-1;-1;-1;-1;-1;-1;-1;-1;-1;-1;-1;-1;-1;-1;-1;-1;-1;-1;-1;-1;-1;-1;-1;-1;-1;-1;-1;-1;-1;-1;-1;-1;-1;-1;-1;-1;-1;-1;-1;-1;-1;-1;-1;-1;-1;-1;-1;-1;-1;-1;-1;-1;-1;-1;-1;-1;-1;-1;-1;-1;-1;-1;-1;-1;-1;-1;-1;-1;-1;-1;-1;-1;-1;-1;-1;-1;-1;-1;-1;-1;-1;-1;-1;-1;-1;-1;-1;-1;-1;-1;-1;-1;-1;-1;-1;-1;-1;-1;-1;-1;-1;-1;-1;-1;-1;-1;-1;-1;-1;-1;-1;-1;-1;-1;-1;-1;-1;-1;-1;-1;-1;-1;-1;-1;-1;-1;-1;-1;-1;-1;-1;-1;-1;-1;-1;-1;-1;-1;-1;-1;-1;-1;-1;-1;-1;-1;-1;-1;-1;-1;-1;-1;-1;-1;-1;-1;-1;-1;-1;-1;-1;-1;-1;-1;-1;-1;-1;-1;-1;-1;-1;-1;-1;-1;False;False;False;False;False;False;False;False;False;False;False;False;False;False;False;False;False;False;False;False;False;False;False;False;False;False;False;False;False;False;False;False;False;False;False;False;False;False;False;False;False;False;False;False;False;False;False;False;False;False;False;False;False;False;False;False;False;False;False;False;False;False;False;False;False;False;False;False;False;False;False;False;False;False;False;False;False;False;False;False;False;False;False;False;False;False;False;False;False;False;False;False;False;False;False;False;False;False;False;False;False;False;False;False;False;False;False;False;False;False;False;False;False;False;False;False;False;False;False;False;False;False;False;False;False;False;False;False;False;False;False;False;False;False;False;False;False;False;False;False;False;False;False;False;False;False;False;False;False;False;False;False;False;False;False;False;False;False;False;False;False;False;False;False;False;False;False;False;False;False;False;False;False;False;False;False;False;False;False;False;False;False;False;False;False;False;False;False;False;False;False;False;False;False;False;False;False;False;False;False;False;False;False;False;False;False;False;False;False;False;False;False;False;False;False;False;False;False;False;False;False;False;False;False;False;False;False;False;False;False;False;False;False;False;False;False;False;False;False;False;0;0;0;1;92687.14854145727;0.01;0.19611096382141113
2779;84.5;75.6;140.1;57.8;55.6;106.7;97.8;133.4;135.7;151.2;0;0;206.8;151.2;246.8;77.8;0;260.2;142.3;100.1;0;0;0;0;84.5;75.6;140.1;57.8;55.6;106.7;97.8;133.4;135.7;151.2;0;0;206.8;151.2;246.8;77.8;0;260.2;142.3;100.1;0;0;0;0;84.5;75.6;140.1;57.8;55.6;106.7;97.8;133.4;135.7;151.2;0;0;206.8;151.2;246.8;77.8;0;260.2;142.3;100.1;0;0;0;0;0;0;47.55594523;0;0;0;0;0;0;0;0;0;0;0;10.5718517;0;27.08838047;17.98846687;5.621049365;34.55341086;40.2043013;7.107425267000001;0;18.14958108;0;0;27.80166891;0;0;0;0;0;0;0;0;0;21.20143399;8.419613852000001;0;0;0;0;0;7.057934255;41.62643873;0;0;34.91287685;0;4.660783288999999;0;0;0;0;5.858743388;0;0;5.215965882;0;0;0;0;0;0;0;0;0;0;0;0;0;0;0;0;-1;-1;-1;-1;-1;-1;-1;-1;-1;-1;-1;-1;-1;-1;-1;-1;-1;-1;-1;-1;-1;-1;-1;-1;-1;-1;-1;-1;-1;-1;-1;-1;-1;-1;-1;-1;-1;-1;-1;-1;-1;-1;-1;-1;-1;-1;-1;-1;-1;-1;-1;-1;-1;-1;-1;-1;-1;-1;-1;-1;-1;-1;-1;-1;-1;-1;-1;-1;-1;-1;-1;-1;-1;-1;-1;-1;-1;-1;-1;-1;-1;-1;-1;-1;-1;-1;-1;-1;-1;-1;-1;-1;-1;-1;-1;-1;-1;-1;-1;-1;-1;-1;-1;-1;-1;-1;-1;-1;-1;-1;-1;-1;-1;-1;-1;-1;-1;-1;-1;-1;-1;-1;-1;-1;-1;-1;-1;-1;-1;-1;-1;-1;-1;-1;-1;-1;-1;-1;-1;-1;-1;-1;-1;-1;-1;-1;-1;-1;-1;-1;-1;-1;-1;-1;-1;-1;-1;-1;-1;-1;-1;-1;-1;-1;-1;-1;-1;-1;-1;-1;-1;-1;-1;-1;-1;-1;-1;-1;-1;-1;-1;-1;-1;-1;-1;-1;-1;-1;-1;-1;-1;-1;-1;-1;-1;-1;-1;-1;-1;-1;-1;-1;-1;-1;-1;-1;-1;-1;-1;-1;-1;-1;-1;-1;-1;-1;-1;-1;-1;-1;-1;-1;-1;-1;-1;-1;-1;-1;-1;-1;-1;-1;-1;-1;-1;-1;-1;-1;-1;-1;False;False;False;False;False;False;False;False;False;False;False;False;False;False;False;False;False;False;False;False;False;False;False;False;False;False;False;False;False;False;False;False;False;False;False;False;False;False;False;False;False;False;False;False;False;False;False;False;False;False;False;False;False;False;False;False;False;False;False;False;False;False;False;False;False;False;False;False;False;False;False;False;False;False;False;False;False;False;False;False;False;False;False;False;False;False;False;False;False;False;False;False;False;False;False;False;False;False;False;False;False;False;False;False;False;False;False;False;False;False;False;False;False;False;False;False;False;False;False;False;False;False;False;False;False;False;False;False;False;False;False;False;False;False;False;False;False;False;False;False;False;False;False;False;False;False;False;False;False;False;False;False;False;False;False;False;False;False;False;False;False;False;False;False;False;False;False;False;False;False;False;False;False;False;False;False;False;False;False;False;False;False;False;False;False;False;False;False;False;False;False;False;False;False;False;False;False;False;False;False;False;False;False;False;False;False;False;False;False;False;False;False;False;False;False;False;False;False;False;False;False;False;False;False;False;False;False;False;False;False;False;False;False;False;False;False;False;False;False;False;0;0;0;0;91227.59559470843;0.01;0.23277688026428223
2780;82.8;74.1;137.2;56.6;54.5;104.6;95.9;130.7;132.9;148.1;0;0;202.6;148.1;241.8;76.2;0;254.9;139.4;98.0;0;0;0;0;82.8;74.1;137.2;56.6;54.5;104.6;95.9;130.7;132.9;148.1;0;0;202.6;148.1;241.8;76.2;0;254.9;139.4;98.0;0;0;0;0;82.8;74.1;137.2;56.6;54.5;104.6;95.9;130.7;132.9;148.1;0;0;202.6;148.1;241.8;76.2;0;254.9;139.4;98.0;0;0;0;0;0;0;64.59508767;0;0;0;0;0;0;0;0;0;0;0;18.31955831;0;41.87978328;31.19306462;16.56544897;57.27845737;59.25826819;14.76440976;0;31.54815306;0;0;43.4766831;0;0;0;0;0;0;0;0;0;33.99275799;20.2342567;0;0;0;0;0;12.55348783;66.5358943;0;0;60.31796033;0;11.14895956;0;0;0;0;14.37999413;0;0;8.42089048;0;0;0;0;0;0;0;0;0;0;0;0;0;0;0;0;-1;-1;-1;-1;-1;-1;-1;-1;-1;-1;-1;-1;-1;-1;-1;-1;-1;-1;-1;-1;-1;-1;-1;-1;-1;-1;-1;-1;-1;-1;-1;-1;-1;-1;-1;-1;-1;-1;-1;-1;-1;-1;-1;-1;-1;-1;-1;1;-1;-1;-1;-1;-1;-1;-1;-1;-1;-1;-1;-1;-1;-1;-1;-1;-1;-1;-1;-1;-1;-1;-1;-1;-1;-1;-1;-1;-1;-1;-1;-1;-1;-1;-1;-1;-1;1;-1;-1;-1;-1;-1;-1;-1;-1;-1;-1;-1;-1;-1;-1;-1;-1;1;-1;-1;-1;-1;-1;-1;-1;-1;-1;-1;-1;-1;-1;-1;-1;-1;-1;-1;-1;-1;-1;-1;-1;-1;-1;-1;-1;-1;-1;-1;-1;-1;-1;-1;-1;-1;-1;-1;-1;-1;-1;-1;-1;-1;-1;-1;-1;-1;-1;-1;-1;-1;-1;-1;-1;-1;-1;-1;-1;-1;-1;-1;-1;-1;-1;-1;-1;-1;-1;-1;-1;-1;-1;-1;-1;-1;-1;-1;-1;-1;-1;-1;-1;-1;-1;-1;-1;-1;-1;-1;-1;-1;-1;-1;-1;-1;-1;-1;-1;-1;-1;-1;-1;-1;-1;-1;-1;-1;-1;-1;-1;-1;-1;-1;-1;-1;-1;-1;-1;-1;-1;-1;-1;-1;-1;-1;-1;-1;-1;-1;-1;-1;-1;-1;-1;-1;-1;False;False;False;False;False;False;False;False;False;False;False;False;False;False;False;False;False;False;False;False;False;False;False;False;False;False;False;False;False;False;False;False;False;False;False;False;False;False;False;False;False;False;False;False;False;False;False;False;False;False;False;False;False;False;False;False;False;False;False;False;False;False;False;False;False;False;False;False;False;False;False;False;False;False;False;False;False;False;False;False;False;False;False;False;False;False;False;False;False;False;False;False;False;False;False;False;False;False;False;False;False;False;False;False;False;False;False;False;False;False;False;False;False;False;False;False;False;False;False;False;False;False;False;False;False;False;False;False;False;False;False;False;False;False;False;False;False;False;False;False;False;False;False;False;False;False;False;False;False;False;False;False;False;False;False;False;False;False;False;False;False;False;False;False;False;False;False;False;False;False;False;False;False;False;False;False;False;False;False;False;False;False;False;False;False;False;False;False;False;False;False;False;False;False;False;False;False;False;False;False;False;False;False;False;False;False;False;False;False;False;False;False;False;False;False;False;False;False;False;False;False;False;False;False;False;False;False;False;False;False;False;False;False;False;False;False;False;False;False;False;0;0;0;3;82288.8224006027;0.01;0.3009183406829834
2781;77.6;69.4;128.7;53.1;51.1;98.0;89.9;122.5;124.6;138.9;0;0;189.9;138.9;226.7;71.5;0;239.0;130.7;91.9;0;0;0;0;77.6;69.4;128.7;53.1;51.1;98.0;89.9;122.5;124.6;138.9;0;0;189.9;138.9;226.7;71.5;0;239.0;130.7;91.9;0;0;0;0;77.6;69.4;128.7;53.1;51.1;98.0;89.9;122.5;124.6;138.9;0;0;189.9;138.9;226.7;71.5;0;239.0;130.7;91.9;0;0;0;0;0;0;71.88920323;0;0;0;0;0;0;0;0;0;0;0;23.25483904;0;56.14396868;37.76013422;26.89786963;88.32438731;75.82656463;21.19693436;0;44.68220832;0;0;60.63333927;0;0;0;0;0;0;0;0;0;46.036883700000004;33.08599431;0;0;0;0;0;18.81344109;86.6592152;0;0;90.43401108;0;16.90728798;0;0;0;0;21.91172122;0;0;12.34062829;0;0;0;0;0;0;0;0;0;0;0;0;0;0;0;0;1;-1;-1;-1;-1;-1;-1;-1;-1;1;-1;-1;-1;-1;-1;-1;-1;-1;-1;-1;-1;-1;-1;-1;-1;-1;-1;-1;-1;-1;-1;-1;-1;-1;-1;-1;-1;-1;1;-1;-1;-1;-1;-1;-1;-1;-1;1;-1;-1;-1;-1;-1;-1;-1;-1;-1;-1;-1;-1;-1;-1;-1;-1;-1;-1;-1;-1;-1;-1;-1;-1;-1;-1;-1;-1;-1;-1;-1;-1;-1;-1;-1;-1;-1;1;-1;-1;-1;-1;-1;-1;-1;-1;-1;-1;-1;-1;-1;-1;-1;-1;1;-1;-1;-1;-1;-1;-1;-1;-1;-1;-1;-1;-1;-1;-1;-1;-1;-1;-1;-1;-1;-1;-1;-1;-1;-1;-1;-1;-1;-1;-1;-1;-1;-1;-1;-1;-1;-1;-1;-1;-1;-1;-1;-1;-1;-1;-1;-1;-1;-1;-1;-1;-1;-1;-1;-1;-1;-1;-1;-1;-1;-1;-1;-1;-1;-1;-1;-1;-1;-1;-1;-1;-1;-1;-1;-1;-1;-1;-1;-1;-1;-1;-1;-1;-1;-1;-1;-1;-1;-1;-1;-1;-1;-1;-1;-1;-1;-1;-1;-1;-1;-1;-1;-1;-1;-1;-1;-1;-1;-1;-1;-1;-1;-1;-1;-1;-1;-1;-1;-1;-1;-1;-1;-1;-1;-1;-1;-1;-1;-1;-1;-1;-1;-1;-1;-1;-1;-1;False;False;False;False;False;False;False;False;False;False;False;False;False;False;False;False;False;False;False;False;False;False;False;False;False;False;False;False;False;False;False;False;False;False;False;False;False;False;False;False;False;False;False;False;False;False;False;False;False;False;False;False;False;False;False;False;False;False;False;False;False;False;False;False;False;False;False;False;False;False;False;False;False;False;False;False;False;False;False;False;False;False;False;False;False;False;False;False;False;False;False;False;False;False;False;False;False;False;False;False;False;False;False;False;False;False;False;False;False;False;False;False;False;False;False;False;False;False;False;False;False;False;False;False;False;False;False;False;False;False;False;False;False;False;False;False;False;False;False;False;False;False;False;False;False;False;False;False;False;False;False;False;False;False;False;False;False;False;False;False;False;False;False;False;False;False;False;False;False;False;False;False;False;False;False;False;False;False;False;False;False;False;False;False;False;False;False;False;False;False;False;False;False;False;False;False;False;False;False;False;False;False;False;False;False;False;False;False;False;False;False;False;False;False;False;False;False;False;False;False;False;False;False;False;False;False;False;False;False;False;False;False;False;False;False;False;False;False;False;False;0;0;0;6;70016.91855755744;0.03;0.1126549243927002
2782;69.0;61.7;114.4;47.2;45.4;87.1;79.9;108.9;110.7;123.4;0;0;168.8;123.4;201.5;63.5;0;212.4;116.2;81.7;0;0;0;0;69.0;61.7;114.4;47.2;45.4;87.1;79.9;108.9;110.7;123.4;0;0;168.8;123.4;201.5;63.5;0;212.4;116.2;81.7;0;0;0;0;69.0;61.7;114.4;47.2;45.4;87.1;79.9;108.9;110.7;123.4;0;0;168.8;123.4;201.5;63.5;0;212.4;116.2;81.7;0;0;0;0;0;0;69.04638165;0;0;0;0;0;0;0;0;0;0;0;33.80565855;0;62.15230193;47.96918497;31.95773406;120.13591609999999;103.4487962;25.76692374;0;55.58628867;0;0;56.66044008;0;0;0;0;0;0;0;0;0;53.51666654;46.21115952;0;0;0;0;0;23.35410139;98.32414668;0;0;112.35501029999999;0;21.95914475;0;0;0;0;37.63439866;0;0;13.95072103;0;0;0;0;0;0;0;0;0;0;0;0;0;0;0;0;-1;-1;-1;-1;-1;-1;-1;-1;-1;1;-1;-1;-1;-1;-1;-1;-1;-1;-1;-1;-1;-1;-1;-1;-1;-1;-1;-1;-1;-1;-1;-1;-1;-1;-1;-1;-1;-1;-1;-1;-1;-1;-1;-1;-1;-1;-1;1;-1;1;-1;-1;-1;-1;-1;1;-1;-1;-1;-1;-1;-1;-1;-1;1;-1;-1;-1;-1;-1;-1;-1;-1;-1;-1;-1;-1;-1;-1;-1;-1;-1;-1;-1;-1;1;-1;-1;-1;-1;-1;-1;-1;-1;-1;-1;-1;-1;-1;-1;-1;-1;1;-1;-1;-1;-1;-1;-1;-1;-1;-1;-1;-1;-1;-1;-1;-1;-1;-1;-1;-1;-1;-1;-1;-1;-1;-1;-1;-1;-1;-1;-1;-1;-1;-1;-1;-1;-1;-1;-1;-1;-1;-1;-1;-1;-1;-1;-1;-1;-1;-1;-1;-1;-1;-1;-1;-1;-1;-1;-1;-1;-1;-1;-1;-1;-1;-1;-1;-1;-1;-1;-1;-1;-1;-1;-1;-1;-1;-1;-1;-1;-1;-1;-1;-1;-1;-1;-1;-1;-1;-1;-1;-1;-1;-1;-1;-1;-1;-1;-1;-1;-1;-1;-1;-1;-1;-1;-1;-1;-1;-1;-1;-1;-1;-1;-1;-1;-1;-1;-1;-1;-1;-1;-1;-1;-1;-1;-1;-1;-1;-1;-1;-1;-1;-1;-1;-1;1;-1;False;False;False;False;False;False;False;False;False;False;False;False;False;False;False;False;False;False;False;False;False;False;False;False;False;False;False;False;False;False;False;False;False;False;False;False;False;False;False;False;False;False;False;False;False;False;False;False;False;False;False;False;False;False;False;False;False;False;False;False;False;False;False;False;False;False;False;False;False;False;False;False;False;False;False;False;False;False;False;False;False;False;False;False;False;False;False;False;False;False;False;False;False;False;False;False;False;False;False;False;False;False;False;False;False;False;False;False;False;False;False;False;False;False;False;False;False;False;False;False;False;False;False;False;False;False;False;False;False;False;False;False;False;False;False;False;False;False;False;False;False;False;False;False;False;False;False;False;False;False;False;False;False;False;False;False;False;False;False;False;False;False;False;False;False;False;False;False;False;False;False;False;False;False;False;False;False;False;False;False;False;False;False;False;False;False;False;False;False;False;False;False;False;False;False;False;False;False;False;False;False;False;False;False;False;False;False;False;False;False;False;False;False;False;False;False;False;False;False;False;False;False;False;False;False;False;False;False;False;False;False;False;False;False;False;False;False;False;False;False;0;0;0;8;53993.35081854991;0.06;0.20624470710754395
2783;60.4;54.0;100.1;41.3;39.7;76.2;69.9;95.3;96.9;108.0;0;0;147.7;108.0;176.3;55.6;0;185.9;101.7;71.5;0;0;0;0;60.4;54.0;100.1;41.3;39.7;76.2;69.9;95.3;96.9;108.0;0;0;147.7;108.0;176.3;55.6;0;185.9;101.7;71.5;0;0;0;0;60.4;54.0;100.1;41.3;39.7;76.2;69.9;95.3;96.9;108.0;0;0;147.7;108.0;176.3;55.6;0;185.9;101.7;71.5;0;0;0;0;0;0;59.85419414;0;0;0;0;0;0;0;0;0;0;0;37.85508643;0;71.41140949999998;55.284382799999996;36.49240852;130.9188706;113.62389270000001;28.7187863;0;60.77389909;0;0;56.35817729;0;0;0;0;0;0;0;0;0;55.59207297;54.29226726;0;0;0;0;0;26.70849831;110.96067409999999;0;0;131.08152420000002;0;28.49783066;0;0;0;0;37.44073855;0;0;14.97924341;0;0;0;0;0;0;0;0;0;0;0;0;0;0;0;0;-1;-1;-1;-1;-1;-1;-1;-1;-1;-1;-1;-1;-1;-1;-1;-1;-1;-1;-1;-1;-1;-1;-1;-1;-1;-1;1;-1;-1;-1;-1;-1;-1;-1;-1;-1;-1;-1;-1;-1;-1;-1;-1;-1;-1;-1;-1;1;-1;1;-1;-1;-1;-1;-1;-1;-1;-1;-1;-1;-1;-1;-1;-1;1;-1;-1;-1;-1;-1;-1;-1;-1;-1;-1;-1;-1;-1;-1;-1;-1;-1;-1;-1;-1;-1;-1;1;-1;-1;-1;-1;-1;-1;-1;-1;-1;-1;-1;-1;-1;-1;1;-1;-1;-1;-1;-1;-1;-1;-1;-1;-1;-1;-1;-1;-1;-1;-1;-1;-1;-1;-1;-1;-1;-1;-1;-1;-1;-1;-1;-1;-1;-1;-1;-1;-1;-1;-1;-1;-1;-1;-1;-1;-1;-1;-1;-1;-1;-1;-1;-1;-1;-1;-1;-1;-1;-1;-1;-1;-1;-1;-1;-1;-1;-1;-1;-1;-1;-1;-1;-1;-1;-1;-1;-1;-1;-1;-1;-1;-1;-1;-1;-1;-1;-1;-1;-1;-1;-1;-1;-1;-1;-1;-1;-1;-1;-1;-1;-1;-1;-1;-1;-1;-1;-1;-1;-1;-1;-1;-1;-1;-1;-1;-1;-1;-1;-1;-1;-1;-1;-1;-1;-1;-1;-1;-1;-1;-1;-1;-1;-1;-1;-1;-1;-1;-1;-1;1;-1;False;False;False;False;False;False;False;False;False;False;False;False;False;False;False;False;False;False;False;False;False;False;False;False;False;False;False;False;False;False;False;False;False;False;False;False;False;False;False;False;False;False;False;False;False;False;False;False;False;False;False;False;False;False;False;False;False;False;False;False;False;False;False;False;False;False;False;False;False;False;False;False;False;False;False;False;False;False;False;False;False;False;False;False;False;False;False;False;False;False;False;False;False;False;False;False;False;False;False;False;False;False;False;False;False;False;False;False;False;False;False;False;False;False;False;False;False;False;False;False;False;False;False;False;False;False;False;False;False;False;False;False;False;False;False;False;False;False;False;False;False;False;False;False;False;False;False;False;False;False;False;False;False;False;False;False;False;False;False;False;False;False;False;False;False;False;False;False;False;False;False;False;False;False;False;False;False;False;False;False;False;False;False;False;False;False;False;False;False;False;False;False;False;False;False;False;False;False;False;False;False;False;False;False;False;False;False;False;False;False;False;False;False;False;False;False;False;False;False;False;False;False;False;False;False;False;False;False;False;False;False;False;False;False;False;False;False;False;False;False;0;0;0;7;40003.2620527693;0.03;0.13945651054382324
2784;53.2;47.6;88.2;36.4;35.0;67.2;61.6;84.0;85.4;95.2;0;0;130.2;95.2;155.4;49.0;0;163.8;89.6;63.0;0;0;0;0;53.2;47.6;88.2;36.4;35.0;67.2;61.6;84.0;85.4;95.2;0;0;130.2;95.2;155.4;49.0;0;163.8;89.6;63.0;0;0;0;0;53.2;47.6;88.2;36.4;35.0;67.2;61.6;84.0;85.4;95.2;0;0;130.2;95.2;155.4;49.0;0;163.8;89.6;63.0;0;0;0;0;0;0;75.95293467;0;0;0;0;0;0;0;0;0;0;0;105.7296848;0;198.3595096;188.2128405;75.41844038;194.5136081;203.3503556;61.79027202;0;115.9949672;0;0;65.03860097;0;0;0;0;0;0;0;0;0;120.1210852;101.04352359999999;0;0;0;0;0;38.37716218;179.24605669999997;0;0;237.1084384;0;33.06881538;0;0;0;0;61.89997954;0;0;45.64938112;0;0;0;0;0;0;0;0;0;0;0;0;0;0;0;0;-1;-1;-1;-1;-1;-1;-1;-1;-1;-1;-1;-1;-1;-1;-1;-1;-1;-1;-1;-1;-1;-1;1;-1;-1;-1;1;-1;-1;-1;-1;-1;-1;-1;-1;-1;-1;-1;-1;-1;-1;-1;-1;-1;-1;-1;-1;-1;-1;-1;-1;-1;-1;-1;-1;-1;-1;-1;-1;-1;-1;-1;-1;-1;1;-1;-1;-1;-1;-1;-1;-1;-1;-1;-1;-1;-1;-1;-1;-1;-1;-1;-1;-1;-1;-1;-1;-1;-1;-1;-1;-1;-1;-1;-1;-1;-1;-1;-1;-1;-1;-1;1;-1;-1;-1;-1;-1;-1;-1;-1;-1;-1;-1;-1;-1;-1;-1;-1;-1;-1;-1;-1;-1;-1;-1;-1;-1;-1;-1;-1;-1;-1;-1;-1;-1;-1;-1;-1;-1;-1;-1;-1;-1;-1;-1;-1;-1;-1;-1;-1;-1;-1;-1;-1;-1;-1;-1;-1;-1;-1;-1;-1;-1;-1;-1;-1;-1;-1;-1;-1;-1;-1;-1;-1;-1;-1;-1;-1;-1;-1;-1;-1;-1;-1;-1;-1;-1;-1;-1;-1;-1;-1;-1;-1;-1;-1;-1;-1;-1;-1;-1;-1;-1;-1;-1;-1;-1;-1;-1;-1;-1;-1;-1;-1;-1;-1;-1;-1;-1;-1;-1;-1;-1;-1;-1;-1;-1;-1;-1;-1;-1;-1;-1;-1;-1;-1;-1;1;-1;False;False;False;False;False;False;False;False;False;False;False;False;False;False;False;False;False;False;False;False;False;False;False;False;False;False;False;False;False;False;False;False;False;False;False;False;False;False;False;False;False;False;False;False;False;False;False;False;False;False;False;False;False;False;False;False;False;False;False;False;False;False;False;False;False;False;False;False;False;False;False;False;False;False;False;False;False;False;False;False;False;False;False;False;False;False;False;False;False;False;False;False;False;False;False;False;False;False;False;False;False;False;False;False;False;False;False;False;False;False;False;False;False;False;False;False;False;False;False;False;False;False;False;False;False;False;False;False;False;False;False;False;False;False;False;False;False;False;False;False;False;False;False;False;False;False;False;False;False;False;False;False;False;False;False;False;False;False;False;False;False;False;False;False;False;False;False;False;False;False;False;False;False;False;False;False;False;False;False;False;False;False;False;False;False;False;False;False;False;False;False;False;False;False;False;False;False;False;False;False;False;False;False;False;False;False;False;False;False;False;False;False;False;False;False;False;False;False;False;False;False;False;False;False;False;False;False;False;False;False;False;False;False;False;False;False;False;False;False;False;0;0;0;5;17908.689735272485;0.02;0.2528688907623291
2785;52.3;46.8;86.8;35.8;34.4;66.1;60.6;82.7;84.0;93.7;0;0;128.1;93.7;152.9;48.2;0;161.2;88.2;62.0;0;0;0;0;52.3;46.8;86.8;35.8;34.4;66.1;60.6;82.7;84.0;93.7;0;0;128.1;93.7;152.9;48.2;0;161.2;88.2;62.0;0;0;0;0;52.3;46.8;86.8;35.8;34.4;66.1;60.6;82.7;84.0;93.7;0;0;128.1;93.7;152.9;48.2;0;161.2;88.2;62.0;0;0;0;0;0;0;69.67810215;0;0;0;0;0;0;0;0;0;0;0;110.42140309999999;0;258.3339623;243.4234668;117.60220890000002;220.77214269999996;241.0315588;75.72465414;0;126.04324369999999;0;0;64.40962332;0;0;0;0;0;0;0;0;0;120.9909828;104.06273829999999;0;0;0;0;0;41.92910428;164.32087119999997;0;0;255.74381359999998;0;38.5388745;0;0;0;0;60.35200373;0;0;41.89509807;0;0;0;0;0;0;0;0;0;0;0;0;0;0;0;0;-1;-1;-1;-1;-1;-1;-1;-1;-1;-1;-1;-1;-1;-1;-1;-1;-1;-1;-1;-1;-1;-1;1;-1;-1;-1;1;-1;-1;-1;-1;-1;-1;-1;-1;-1;-1;-1;-1;-1;-1;-1;-1;-1;-1;-1;-1;-1;-1;-1;-1;-1;-1;-1;-1;-1;-1;-1;-1;-1;-1;-1;-1;-1;1;-1;-1;-1;-1;-1;-1;-1;-1;-1;-1;-1;-1;-1;-1;-1;-1;-1;-1;-1;-1;-1;-1;-1;-1;-1;-1;-1;-1;-1;-1;-1;-1;-1;-1;-1;-1;-1;1;-1;-1;-1;-1;-1;-1;-1;-1;-1;-1;-1;-1;-1;-1;-1;-1;-1;-1;-1;-1;-1;-1;-1;-1;-1;-1;-1;-1;-1;-1;-1;-1;-1;-1;-1;-1;-1;-1;-1;-1;-1;-1;-1;-1;-1;-1;-1;-1;-1;-1;-1;-1;-1;-1;-1;-1;-1;-1;-1;-1;-1;-1;-1;-1;-1;-1;-1;-1;-1;-1;-1;-1;-1;-1;-1;-1;-1;-1;-1;-1;-1;-1;-1;-1;-1;-1;-1;-1;-1;-1;-1;-1;-1;-1;-1;-1;-1;-1;-1;-1;-1;-1;-1;-1;-1;-1;-1;-1;-1;-1;-1;-1;-1;-1;-1;-1;-1;-1;-1;-1;-1;-1;-1;-1;-1;-1;-1;-1;-1;-1;-1;-1;-1;-1;-1;1;-1;False;False;False;False;False;False;False;False;False;False;False;False;False;False;False;False;False;False;False;False;False;False;False;False;False;False;False;False;False;False;False;False;False;False;False;False;False;False;False;False;False;False;False;False;False;False;False;False;False;False;False;False;False;False;False;False;False;False;False;False;False;False;False;False;False;False;False;False;False;False;False;False;False;False;False;False;False;False;False;False;False;False;False;False;False;False;False;False;False;False;False;False;False;False;False;False;False;False;False;False;False;False;False;False;False;False;False;False;False;False;False;False;False;False;False;False;False;False;False;False;False;False;False;False;False;False;False;False;False;False;False;False;False;False;False;False;False;False;False;False;False;False;False;False;False;False;False;False;False;False;False;False;False;False;False;False;False;False;False;False;False;False;False;False;False;False;False;False;False;False;False;False;False;False;False;False;False;False;False;False;False;False;False;False;False;False;False;False;False;False;False;False;False;False;False;False;False;False;False;False;False;False;False;False;False;False;False;False;False;False;False;False;False;False;False;False;False;False;False;False;False;False;False;False;False;False;False;False;False;False;False;False;False;False;False;False;False;False;False;False;0;0;0;5;15365.796846782385;0.01;0.1319713592529297
2786;50.7;45.3;84.0;34.7;33.3;64.0;58.7;80.0;81.3;90.7;0;0;124.0;90.7;148.0;46.7;0;156.0;85.3;60.0;0;0;0;0;50.7;45.3;84.0;34.7;33.3;64.0;58.7;80.0;81.3;90.7;0;0;124.0;90.7;148.0;46.7;0;156.0;85.3;60.0;0;0;0;0;50.7;45.3;84.0;34.7;33.3;64.0;58.7;80.0;81.3;90.7;0;0;124.0;90.7;148.0;46.7;0;156.0;85.3;60.0;0;0;0;0;0;0;67.76967499;0;0;0;0;0;0;0;0;0;0;0;124.94035579999999;0;284.394778;253.650827;143.75826619999995;259.4814601;266.6832366;93.78832286;0;142.055215;0;0;80.69704251;0;0;0;0;0;0;0;0;0;117.5837763;113.46109399999999;0;0;0;0;0;44.92622757;186.4056291;0;0;276.7030553;0;41.50011717;0;0;0;0;64.64970725;0;0;41.44610965;0;0;0;0;0;0;0;0;0;0;0;0;0;0;0;0;-1;-1;-1;-1;-1;-1;-1;-1;-1;-1;-1;-1;-1;-1;-1;-1;-1;-1;-1;-1;-1;-1;-1;1;-1;-1;-1;-1;-1;-1;-1;-1;-1;-1;-1;-1;-1;-1;-1;-1;-1;-1;-1;-1;-1;-1;-1;-1;-1;-1;-1;-1;-1;-1;-1;-1;-1;-1;-1;-1;-1;-1;-1;-1;1;-1;-1;-1;-1;-1;-1;-1;-1;-1;-1;-1;-1;-1;-1;-1;-1;-1;-1;-1;-1;-1;-1;-1;-1;-1;-1;-1;-1;-1;-1;-1;-1;-1;-1;-1;-1;-1;1;-1;-1;-1;-1;-1;-1;-1;-1;-1;-1;-1;-1;-1;-1;-1;-1;-1;-1;-1;-1;-1;-1;-1;-1;-1;-1;-1;-1;-1;-1;-1;-1;-1;-1;-1;-1;-1;-1;-1;-1;-1;-1;-1;-1;-1;-1;-1;-1;-1;-1;-1;-1;-1;-1;-1;-1;-1;-1;-1;-1;-1;-1;-1;-1;-1;-1;-1;-1;-1;-1;-1;-1;-1;-1;-1;-1;-1;-1;-1;-1;-1;-1;-1;-1;-1;-1;-1;-1;-1;-1;-1;-1;-1;-1;-1;-1;-1;-1;-1;-1;-1;-1;-1;-1;-1;-1;-1;-1;-1;-1;-1;-1;-1;-1;-1;-1;-1;-1;-1;-1;-1;-1;-1;-1;-1;-1;-1;-1;-1;-1;-1;-1;-1;1;-1;1;-1;False;False;False;False;False;False;False;False;False;False;False;False;False;False;False;False;False;False;False;False;False;False;False;False;False;False;False;False;False;False;False;False;False;False;False;False;False;False;False;False;False;False;False;False;False;False;False;False;False;False;False;False;False;False;False;False;False;False;False;False;False;False;False;False;False;False;False;False;False;False;False;False;False;False;False;False;False;False;False;False;False;False;False;False;False;False;False;False;False;False;False;False;False;False;False;False;False;False;False;False;False;False;False;False;False;False;False;False;False;False;False;False;False;False;False;False;False;False;False;False;False;False;False;False;False;False;False;False;False;False;False;False;False;False;False;False;False;False;False;False;False;False;False;False;False;False;False;False;False;False;False;False;False;False;False;False;False;False;False;False;False;False;False;False;False;False;False;False;False;False;False;False;False;False;False;False;False;False;False;False;False;False;False;False;False;False;False;False;False;False;False;False;False;False;False;False;False;False;False;False;False;False;False;False;False;False;False;False;False;False;False;False;False;False;False;False;False;False;False;False;False;False;False;False;False;False;False;False;False;False;False;False;False;False;False;False;False;False;False;False;0;0;0;5;12122.41084248001;0.01;0.21576261520385742
2787;49.0;43.8;81.2;33.5;32.2;61.9;56.7;77.3;78.6;87.6;0;0;119.9;87.6;143.0;45.1;0;150.8;82.5;58.0;0;0;0;0;49.0;43.8;81.2;33.5;32.2;61.9;56.7;77.3;78.6;87.6;0;0;119.9;87.6;143.0;45.1;0;150.8;82.5;58.0;0;0;0;0;49.0;43.8;81.2;33.5;32.2;61.9;56.7;77.3;78.6;87.6;0;0;119.9;87.6;143.0;45.1;0;150.8;82.5;58.0;0;0;0;0;0;0;85.10770766;0;0;0;0;0;0;0;0;0;0;0;131.0006486;0;282.3146276;264.3099415;142.96717819999995;267.5602346;279.3708377;108.5292152;0;152.254302;0;0;86.76935881;0;0;0;0;0;0;0;0;0;114.7701933;106.53975030000001;0;0;0;0;0;47.6803461;182.9499455;0;0;284.1508244;0;48.38986308;0;0;0;0;72.34129971;0;0;38.68041909;0;0;0;0;0;0;0;0;0;0;0;0;0;0;0;0;-1;-1;-1;-1;-1;-1;-1;-1;-1;-1;-1;-1;-1;-1;-1;-1;-1;-1;-1;-1;-1;-1;-1;1;-1;-1;-1;-1;-1;-1;-1;-1;-1;-1;-1;-1;-1;-1;-1;-1;-1;-1;-1;-1;-1;-1;-1;-1;-1;-1;-1;-1;-1;-1;-1;-1;-1;-1;-1;-1;-1;-1;-1;-1;1;-1;-1;-1;-1;-1;-1;-1;-1;-1;-1;-1;-1;-1;-1;-1;-1;-1;-1;-1;-1;-1;-1;-1;-1;-1;-1;-1;-1;-1;-1;-1;-1;-1;-1;-1;-1;-1;1;-1;-1;-1;-1;-1;-1;-1;-1;-1;-1;-1;-1;-1;-1;-1;-1;-1;-1;-1;-1;-1;-1;-1;-1;-1;-1;-1;-1;-1;-1;-1;-1;-1;-1;-1;-1;-1;-1;-1;-1;-1;-1;-1;-1;-1;-1;-1;-1;-1;-1;-1;-1;-1;-1;-1;-1;-1;-1;-1;-1;-1;-1;-1;-1;-1;-1;-1;-1;-1;-1;-1;-1;-1;-1;-1;-1;-1;-1;-1;-1;-1;-1;-1;-1;-1;-1;-1;-1;-1;-1;-1;-1;-1;-1;-1;-1;-1;-1;-1;-1;-1;-1;-1;-1;-1;-1;-1;-1;-1;-1;-1;-1;-1;-1;-1;-1;-1;-1;-1;-1;-1;-1;-1;-1;-1;-1;-1;-1;-1;-1;-1;-1;-1;1;-1;1;-1;False;False;False;False;False;False;False;False;False;False;False;False;False;False;False;False;False;False;False;False;False;False;False;False;False;False;False;False;False;False;False;False;False;False;False;False;False;False;False;False;False;False;False;False;False;False;False;False;False;False;False;False;False;False;False;False;False;False;False;False;False;False;False;False;False;False;False;False;False;False;False;False;False;False;False;False;False;False;False;False;False;False;False;False;False;False;False;False;False;False;False;False;False;False;False;False;False;False;False;False;False;False;False;False;False;False;False;False;False;False;False;False;False;False;False;False;False;False;False;False;False;False;False;False;False;False;False;False;False;False;False;False;False;False;False;False;False;False;False;False;False;False;False;False;False;False;False;False;False;False;False;False;False;False;False;False;False;False;False;False;False;False;False;False;False;False;False;False;False;False;False;False;False;False;False;False;False;False;False;False;False;False;False;False;False;False;False;False;False;False;False;False;False;False;False;False;False;False;False;False;False;False;False;False;False;False;False;False;False;False;False;False;False;False;False;False;False;False;False;False;False;False;False;False;False;False;False;False;False;False;False;False;False;False;False;False;False;False;False;False;0;0;0;5;9955.806364988652;0.01;0.5331180095672607
2788;49.8;44.6;82.6;34.1;32.8;62.9;57.7;78.7;80.0;89.1;0;0;121.9;89.1;145.5;45.9;0;153.4;83.9;59.0;0;0;0;0;49.8;44.6;82.6;34.1;32.8;62.9;57.7;78.7;80.0;89.1;0;0;121.9;89.1;145.5;45.9;0;153.4;83.9;59.0;0;0;0;0;49.8;44.6;82.6;34.1;32.8;62.9;57.7;78.7;80.0;89.1;0;0;121.9;89.1;145.5;45.9;0;153.4;83.9;59.0;0;0;0;0;0;0;90.69775477;0;0;0;0;0;0;0;0;0;0;0;125.37522079999998;0;285.23324269999995;262.0069659;133.354843;265.800128;264.61478680000005;102.9000699;0;146.3267394;0;0;92.15997301;0;0;0;0;0;0;0;0;0;115.06117649999999;105.6386608;0;0;0;0;0;52.73140757;174.48279309999995;0;0;273.45619339999996;0;51.52674684;0;0;0;0;69.95579747;0;0;36.41981313;0;0;0;0;0;0;0;0;0;0;0;0;0;0;0;0;-1;-1;-1;-1;-1;-1;-1;-1;-1;-1;-1;-1;-1;-1;-1;-1;-1;-1;-1;-1;-1;-1;-1;1;-1;-1;-1;-1;-1;-1;-1;-1;-1;-1;-1;-1;-1;-1;-1;-1;-1;-1;-1;-1;-1;-1;-1;-1;-1;-1;-1;-1;-1;-1;-1;-1;-1;-1;-1;-1;-1;-1;-1;-1;1;-1;-1;-1;-1;-1;-1;-1;-1;-1;-1;-1;-1;-1;-1;-1;-1;-1;-1;-1;-1;-1;-1;-1;-1;-1;-1;-1;-1;-1;-1;-1;-1;-1;-1;-1;-1;-1;1;-1;-1;-1;-1;-1;-1;-1;-1;-1;-1;-1;-1;-1;-1;-1;-1;-1;-1;-1;-1;-1;-1;-1;-1;-1;-1;-1;-1;-1;-1;-1;-1;-1;-1;-1;-1;-1;-1;-1;-1;-1;-1;-1;-1;-1;-1;-1;-1;-1;-1;-1;-1;-1;-1;-1;-1;-1;-1;-1;-1;-1;-1;-1;-1;-1;-1;-1;-1;-1;-1;-1;-1;-1;-1;-1;-1;-1;-1;-1;-1;-1;-1;-1;-1;-1;-1;-1;-1;-1;-1;-1;-1;-1;-1;-1;-1;-1;-1;-1;-1;-1;-1;-1;-1;-1;-1;-1;-1;-1;-1;-1;-1;-1;-1;-1;-1;-1;-1;-1;-1;-1;-1;-1;-1;-1;-1;-1;-1;-1;-1;-1;-1;-1;1;-1;1;-1;False;False;False;False;False;False;False;False;False;False;False;False;False;False;False;False;False;False;False;False;False;False;False;False;False;False;False;False;False;False;False;False;False;False;False;False;False;False;False;False;False;False;False;False;False;False;False;False;False;False;False;False;False;False;False;False;False;False;False;False;False;False;False;False;False;False;False;False;False;False;False;False;False;False;False;False;False;False;False;False;False;False;False;False;False;False;False;False;False;False;False;False;False;False;False;False;False;False;False;False;False;False;False;False;False;False;False;False;False;False;False;False;False;False;False;False;False;False;False;False;False;False;False;False;False;False;False;False;False;False;False;False;False;False;False;False;False;False;False;False;False;False;False;False;False;False;False;False;False;False;False;False;False;False;False;False;False;False;False;False;False;False;False;False;False;False;False;False;False;False;False;False;False;False;False;False;False;False;False;False;False;False;False;False;False;False;False;False;False;False;False;False;False;False;False;False;False;False;False;False;False;False;False;False;False;False;False;False;False;False;False;False;False;False;False;False;False;False;False;False;False;False;False;False;False;False;False;False;False;False;False;False;False;False;False;False;False;False;False;False;0;0;0;5;11009.023005603553;0.01;0.2435464859008789
2789;54.9;49.1;91.0;37.6;36.1;69.3;63.5;86.7;88.1;98.2;0;0;134.3;98.2;160.3;50.5;0;169.0;92.4;65.0;0;0;0;0;54.9;49.1;91.0;37.6;36.1;69.3;63.5;86.7;88.1;98.2;0;0;134.3;98.2;160.3;50.5;0;169.0;92.4;65.0;0;0;0;0;54.9;49.1;91.0;37.6;36.1;69.3;63.5;86.7;88.1;98.2;0;0;134.3;98.2;160.3;50.5;0;169.0;92.4;65.0;0;0;0;0;0;0;85.62465362;0;0;0;0;0;0;0;0;0;0;0;124.70690659999998;0;268.1794203;245.59859930000002;134.60243459999998;234.78544080000003;256.01630780000005;98.33095007;0;131.6760902;0;0;104.78500890000001;0;0;0;0;0;0;0;0;0;123.4008354;97.99955859999999;0;0;0;0;0;54.26432649;172.4438608;0;0;261.7726218;0;52.12815964;0;0;0;0;74.61159607;0;0;35.79404507;0;0;0;0;0;0;0;0;0;0;0;0;0;0;0;0;-1;-1;-1;-1;-1;-1;-1;-1;-1;-1;-1;-1;-1;-1;-1;-1;-1;-1;-1;-1;-1;-1;-1;-1;-1;-1;-1;-1;-1;-1;-1;-1;-1;-1;-1;-1;-1;-1;1;-1;-1;-1;-1;-1;-1;-1;-1;-1;-1;1;-1;-1;-1;-1;-1;-1;-1;-1;-1;-1;-1;-1;-1;-1;1;-1;-1;-1;-1;-1;-1;-1;-1;-1;-1;-1;-1;-1;-1;-1;-1;-1;-1;-1;-1;-1;-1;-1;-1;-1;-1;-1;-1;-1;-1;-1;-1;-1;-1;-1;-1;-1;1;-1;-1;-1;-1;-1;-1;-1;-1;-1;-1;-1;-1;-1;-1;-1;-1;-1;-1;-1;-1;-1;-1;-1;-1;-1;-1;-1;-1;-1;-1;-1;-1;-1;-1;-1;-1;-1;-1;-1;-1;-1;-1;-1;-1;-1;-1;-1;-1;-1;-1;-1;-1;-1;-1;-1;-1;-1;-1;-1;-1;-1;-1;-1;-1;-1;-1;-1;-1;-1;-1;-1;-1;-1;-1;-1;-1;-1;-1;-1;-1;-1;-1;-1;-1;-1;-1;-1;-1;-1;-1;-1;-1;-1;-1;-1;-1;-1;-1;-1;-1;-1;-1;-1;-1;-1;-1;-1;-1;-1;-1;-1;-1;-1;-1;-1;-1;-1;-1;-1;-1;-1;-1;-1;-1;-1;-1;-1;-1;-1;-1;-1;-1;-1;-1;-1;1;-1;False;False;False;False;False;False;False;False;False;False;False;False;False;False;False;False;False;False;False;False;False;False;False;False;False;False;False;False;False;False;False;False;False;False;False;False;False;False;False;False;False;False;False;False;False;False;False;False;False;False;False;False;False;False;False;False;False;False;False;False;False;False;False;False;False;False;False;False;False;False;False;False;False;False;False;False;False;False;False;False;False;False;False;False;False;False;False;False;False;False;False;False;False;False;False;False;False;False;False;False;False;False;False;False;False;False;False;False;False;False;False;False;False;False;False;False;False;False;False;False;False;False;False;False;False;False;False;False;False;False;False;False;False;False;False;False;False;False;False;False;False;False;False;False;False;False;False;False;False;False;False;False;False;False;False;False;False;False;False;False;False;False;False;False;False;False;False;False;False;False;False;False;False;False;False;False;False;False;False;False;False;False;False;False;False;False;False;False;False;False;False;False;False;False;False;False;False;False;False;False;False;False;False;False;False;False;False;False;False;False;False;False;False;False;False;False;False;False;False;False;False;False;False;False;False;False;False;False;False;False;False;False;False;False;False;False;False;False;False;False;0;0;0;5;15731.736039788952;0.01;0.2874565124511719
