;1;2;3;4;5;6;7;8;9;10;11;12;13;14;15;16;17;18;19;20;21;22;23;24;25;26;27;28;29;30;31;32;33;34;35;36;37;38;39;40;41;42;43;44;45;46;47;48;49;50;51;52;53;54;55;56;57;58;59;60;61;62;63;64;65;66;67;68;69;70;71;72;73;74;75;76;77;78;79;80;81;82;83;84;85;86;87;88;89;90;91;92;93;94;95;96;97;98;99;100;101;102;103;104;105;106;107;108;109;110;111;112;113;114;115;116;117;118;119;120;121;122;123;124;125;126;127;128;129;130;131;132;133;134;135;136;137;138;139;140;141;142;143;144;145;146;147;148;149;150;151;152;153;154;155;156;157;158;159;160;161;162;163;164;165;166;167;168;169;170;171;172;173;174;175;176;177;178;179;180;181;182;183;184;185;186;187;188;189;190;191;192;193;194;195;196;197;198;199;200;201;202;203;204;205;206;207;208;209;210;211;212;213;214;215;216;217;218;219;220;221;222;223;224;225;226;227;228;229;230;231;232;233;234;235;236;237;238;239;240;241;242;243;244;245;246;247;248;249;250;act_label_orig_opt_problem_c1;act_label_orig_opt_problem_c2;act_label_orig_opt_problem_c3;act_label_orig_opt_problem_c4;act_label_orig_opt_problem_c5;act_label_orig_opt_problem_c6;act_label_orig_opt_problem_c7;act_label_orig_opt_problem_c8;act_label_orig_opt_problem_c9;act_label_orig_opt_problem_c10;act_label_orig_opt_problem_c11;act_label_orig_opt_problem_c12;act_label_orig_opt_problem_c13;act_label_orig_opt_problem_c14;act_label_orig_opt_problem_c15;act_label_orig_opt_problem_c16;act_label_orig_opt_problem_c17;act_label_orig_opt_problem_c18;act_label_orig_opt_problem_c19;act_label_orig_opt_problem_c20;act_label_orig_opt_problem_c21;act_label_orig_opt_problem_c22;act_label_orig_opt_problem_c23;act_label_orig_opt_problem_c24;act_label_orig_opt_problem_c25;act_label_orig_opt_problem_c26;act_label_orig_opt_problem_c27;act_label_orig_opt_problem_c28;act_label_orig_opt_problem_c29;act_label_orig_opt_problem_c30;act_label_orig_opt_problem_c31;act_label_orig_opt_problem_c32;act_label_orig_opt_problem_c33;act_label_orig_opt_problem_c34;act_label_orig_opt_problem_c35;act_label_orig_opt_problem_c36;act_label_orig_opt_problem_c37;act_label_orig_opt_problem_c38;act_label_orig_opt_problem_c39;act_label_orig_opt_problem_c40;act_label_orig_opt_problem_c41;act_label_orig_opt_problem_c42;act_label_orig_opt_problem_c43;act_label_orig_opt_problem_c44;act_label_orig_opt_problem_c45;act_label_orig_opt_problem_c46;act_label_orig_opt_problem_c47;act_label_orig_opt_problem_c48;act_label_orig_opt_problem_c49;act_label_orig_opt_problem_c50;act_label_orig_opt_problem_c51;act_label_orig_opt_problem_c52;act_label_orig_opt_problem_c53;act_label_orig_opt_problem_c54;act_label_orig_opt_problem_c55;act_label_orig_opt_problem_c56;act_label_orig_opt_problem_c57;act_label_orig_opt_problem_c58;act_label_orig_opt_problem_c59;act_label_orig_opt_problem_c60;act_label_orig_opt_problem_c61;act_label_orig_opt_problem_c62;act_label_orig_opt_problem_c63;act_label_orig_opt_problem_c64;act_label_orig_opt_problem_c65;act_label_orig_opt_problem_c66;act_label_orig_opt_problem_c67;act_label_orig_opt_problem_c68;act_label_orig_opt_problem_c69;act_label_orig_opt_problem_c70;act_label_orig_opt_problem_c71;act_label_orig_opt_problem_c72;act_label_orig_opt_problem_c73;act_label_orig_opt_problem_c74;act_label_orig_opt_problem_c75;act_label_orig_opt_problem_c76;act_label_orig_opt_problem_c77;act_label_orig_opt_problem_c78;act_label_orig_opt_problem_c79;act_label_orig_opt_problem_c80;act_label_orig_opt_problem_c81;act_label_orig_opt_problem_c82;act_label_orig_opt_problem_c83;act_label_orig_opt_problem_c84;act_label_orig_opt_problem_c85;act_label_orig_opt_problem_c86;act_label_orig_opt_problem_c87;act_label_orig_opt_problem_c88;act_label_orig_opt_problem_c89;act_label_orig_opt_problem_c90;act_label_orig_opt_problem_c91;act_label_orig_opt_problem_c92;act_label_orig_opt_problem_c93;act_label_orig_opt_problem_c94;act_label_orig_opt_problem_c95;act_label_orig_opt_problem_c96;act_label_orig_opt_problem_c97;act_label_orig_opt_problem_c98;act_label_orig_opt_problem_c99;act_label_orig_opt_problem_c100;act_label_orig_opt_problem_c101;act_label_orig_opt_problem_c102;act_label_orig_opt_problem_c103;act_label_orig_opt_problem_c104;act_label_orig_opt_problem_c105;act_label_orig_opt_problem_c106;act_label_orig_opt_problem_c107;act_label_orig_opt_problem_c108;act_label_orig_opt_problem_c109;act_label_orig_opt_problem_c110;act_label_orig_opt_problem_c111;act_label_orig_opt_problem_c112;act_label_orig_opt_problem_c113;act_label_orig_opt_problem_c114;act_label_orig_opt_problem_c115;act_label_orig_opt_problem_c116;act_label_orig_opt_problem_c117;act_label_orig_opt_problem_c118;act_label_orig_opt_problem_c119;act_label_orig_opt_problem_c120;act_label_orig_opt_problem_c121;act_label_orig_opt_problem_c122;act_label_orig_opt_problem_c123;act_label_orig_opt_problem_c124;act_label_orig_opt_problem_c125;act_label_orig_opt_problem_c126;act_label_orig_opt_problem_c127;act_label_orig_opt_problem_c128;act_label_orig_opt_problem_c129;act_label_orig_opt_problem_c130;act_label_orig_opt_problem_c131;act_label_orig_opt_problem_c132;act_label_orig_opt_problem_c133;act_label_orig_opt_problem_c134;act_label_orig_opt_problem_c135;act_label_orig_opt_problem_c136;act_label_orig_opt_problem_c137;act_label_orig_opt_problem_c138;act_label_orig_opt_problem_c139;act_label_orig_opt_problem_c140;act_label_orig_opt_problem_c141;act_label_orig_opt_problem_c142;act_label_orig_opt_problem_c143;act_label_orig_opt_problem_c144;act_label_orig_opt_problem_c145;act_label_orig_opt_problem_c146;act_label_orig_opt_problem_c147;act_label_orig_opt_problem_c148;act_label_orig_opt_problem_c149;act_label_orig_opt_problem_c150;act_label_orig_opt_problem_c151;act_label_orig_opt_problem_c152;act_label_orig_opt_problem_c153;act_label_orig_opt_problem_c154;act_label_orig_opt_problem_c155;act_label_orig_opt_problem_c156;act_label_orig_opt_problem_c157;act_label_orig_opt_problem_c158;act_label_orig_opt_problem_c159;act_label_orig_opt_problem_c160;act_label_orig_opt_problem_c161;act_label_orig_opt_problem_c162;act_label_orig_opt_problem_c163;act_label_orig_opt_problem_c164;act_label_orig_opt_problem_c165;act_label_orig_opt_problem_c166;act_label_orig_opt_problem_c167;act_label_orig_opt_problem_c168;act_label_orig_opt_problem_c169;act_label_orig_opt_problem_c170;act_label_orig_opt_problem_c171;act_label_orig_opt_problem_c172;act_label_orig_opt_problem_c173;act_label_orig_opt_problem_c174;act_label_orig_opt_problem_c175;act_label_orig_opt_problem_c176;act_label_orig_opt_problem_c177;act_label_orig_opt_problem_c178;act_label_orig_opt_problem_c179;act_label_orig_opt_problem_c180;act_label_orig_opt_problem_c181;act_label_orig_opt_problem_c182;act_label_orig_opt_problem_c183;act_label_orig_opt_problem_c184;act_label_orig_opt_problem_c185;act_label_orig_opt_problem_c186;act_label_orig_opt_problem_c187;act_label_orig_opt_problem_c188;act_label_orig_opt_problem_c189;act_label_orig_opt_problem_c190;act_label_orig_opt_problem_c191;act_label_orig_opt_problem_c192;act_label_orig_opt_problem_c193;act_label_orig_opt_problem_c194;act_label_orig_opt_problem_c195;act_label_orig_opt_problem_c196;act_label_orig_opt_problem_c197;act_label_orig_opt_problem_c198;act_label_orig_opt_problem_c199;act_label_orig_opt_problem_c200;act_label_orig_opt_problem_c201;act_label_orig_opt_problem_c202;act_label_orig_opt_problem_c203;act_label_orig_opt_problem_c204;act_label_orig_opt_problem_c205;act_label_orig_opt_problem_c206;act_label_orig_opt_problem_c207;act_label_orig_opt_problem_c208;act_label_orig_opt_problem_c209;act_label_orig_opt_problem_c210;act_label_orig_opt_problem_c211;act_label_orig_opt_problem_c212;act_label_orig_opt_problem_c213;act_label_orig_opt_problem_c214;act_label_orig_opt_problem_c215;act_label_orig_opt_problem_c216;act_label_orig_opt_problem_c217;act_label_orig_opt_problem_c218;act_label_orig_opt_problem_c219;act_label_orig_opt_problem_c220;act_label_orig_opt_problem_c221;act_label_orig_opt_problem_c222;act_label_orig_opt_problem_c223;act_label_orig_opt_problem_c224;act_label_orig_opt_problem_c225;act_label_orig_opt_problem_c226;act_label_orig_opt_problem_c227;act_label_orig_opt_problem_c228;act_label_orig_opt_problem_c229;act_label_orig_opt_problem_c230;act_label_orig_opt_problem_c231;act_label_orig_opt_problem_c232;act_label_orig_opt_problem_c233;act_label_orig_opt_problem_c234;act_label_orig_opt_problem_c235;act_label_orig_opt_problem_c236;act_label_orig_opt_problem_c237;act_label_orig_opt_problem_c238;act_label_orig_opt_problem_c239;act_label_orig_opt_problem_c240;act_label_orig_opt_problem_c241;act_label_orig_opt_problem_c242;act_label_orig_opt_problem_c243;act_label_orig_opt_problem_c244;act_label_orig_opt_problem_c245;act_label_orig_opt_problem_c246;act_label_orig_opt_problem_c247;act_label_orig_opt_problem_c248;act_label_orig_opt_problem_c249;act_label_orig_opt_problem_c250;flag_viol_c1;flag_viol_c2;flag_viol_c3;flag_viol_c4;flag_viol_c5;flag_viol_c6;flag_viol_c7;flag_viol_c8;flag_viol_c9;flag_viol_c10;flag_viol_c11;flag_viol_c12;flag_viol_c13;flag_viol_c14;flag_viol_c15;flag_viol_c16;flag_viol_c17;flag_viol_c18;flag_viol_c19;flag_viol_c20;flag_viol_c21;flag_viol_c22;flag_viol_c23;flag_viol_c24;flag_viol_c25;flag_viol_c26;flag_viol_c27;flag_viol_c28;flag_viol_c29;flag_viol_c30;flag_viol_c31;flag_viol_c32;flag_viol_c33;flag_viol_c34;flag_viol_c35;flag_viol_c36;flag_viol_c37;flag_viol_c38;flag_viol_c39;flag_viol_c40;flag_viol_c41;flag_viol_c42;flag_viol_c43;flag_viol_c44;flag_viol_c45;flag_viol_c46;flag_viol_c47;flag_viol_c48;flag_viol_c49;flag_viol_c50;flag_viol_c51;flag_viol_c52;flag_viol_c53;flag_viol_c54;flag_viol_c55;flag_viol_c56;flag_viol_c57;flag_viol_c58;flag_viol_c59;flag_viol_c60;flag_viol_c61;flag_viol_c62;flag_viol_c63;flag_viol_c64;flag_viol_c65;flag_viol_c66;flag_viol_c67;flag_viol_c68;flag_viol_c69;flag_viol_c70;flag_viol_c71;flag_viol_c72;flag_viol_c73;flag_viol_c74;flag_viol_c75;flag_viol_c76;flag_viol_c77;flag_viol_c78;flag_viol_c79;flag_viol_c80;flag_viol_c81;flag_viol_c82;flag_viol_c83;flag_viol_c84;flag_viol_c85;flag_viol_c86;flag_viol_c87;flag_viol_c88;flag_viol_c89;flag_viol_c90;flag_viol_c91;flag_viol_c92;flag_viol_c93;flag_viol_c94;flag_viol_c95;flag_viol_c96;flag_viol_c97;flag_viol_c98;flag_viol_c99;flag_viol_c100;flag_viol_c101;flag_viol_c102;flag_viol_c103;flag_viol_c104;flag_viol_c105;flag_viol_c106;flag_viol_c107;flag_viol_c108;flag_viol_c109;flag_viol_c110;flag_viol_c111;flag_viol_c112;flag_viol_c113;flag_viol_c114;flag_viol_c115;flag_viol_c116;flag_viol_c117;flag_viol_c118;flag_viol_c119;flag_viol_c120;flag_viol_c121;flag_viol_c122;flag_viol_c123;flag_viol_c124;flag_viol_c125;flag_viol_c126;flag_viol_c127;flag_viol_c128;flag_viol_c129;flag_viol_c130;flag_viol_c131;flag_viol_c132;flag_viol_c133;flag_viol_c134;flag_viol_c135;flag_viol_c136;flag_viol_c137;flag_viol_c138;flag_viol_c139;flag_viol_c140;flag_viol_c141;flag_viol_c142;flag_viol_c143;flag_viol_c144;flag_viol_c145;flag_viol_c146;flag_viol_c147;flag_viol_c148;flag_viol_c149;flag_viol_c150;flag_viol_c151;flag_viol_c152;flag_viol_c153;flag_viol_c154;flag_viol_c155;flag_viol_c156;flag_viol_c157;flag_viol_c158;flag_viol_c159;flag_viol_c160;flag_viol_c161;flag_viol_c162;flag_viol_c163;flag_viol_c164;flag_viol_c165;flag_viol_c166;flag_viol_c167;flag_viol_c168;flag_viol_c169;flag_viol_c170;flag_viol_c171;flag_viol_c172;flag_viol_c173;flag_viol_c174;flag_viol_c175;flag_viol_c176;flag_viol_c177;flag_viol_c178;flag_viol_c179;flag_viol_c180;flag_viol_c181;flag_viol_c182;flag_viol_c183;flag_viol_c184;flag_viol_c185;flag_viol_c186;flag_viol_c187;flag_viol_c188;flag_viol_c189;flag_viol_c190;flag_viol_c191;flag_viol_c192;flag_viol_c193;flag_viol_c194;flag_viol_c195;flag_viol_c196;flag_viol_c197;flag_viol_c198;flag_viol_c199;flag_viol_c200;flag_viol_c201;flag_viol_c202;flag_viol_c203;flag_viol_c204;flag_viol_c205;flag_viol_c206;flag_viol_c207;flag_viol_c208;flag_viol_c209;flag_viol_c210;flag_viol_c211;flag_viol_c212;flag_viol_c213;flag_viol_c214;flag_viol_c215;flag_viol_c216;flag_viol_c217;flag_viol_c218;flag_viol_c219;flag_viol_c220;flag_viol_c221;flag_viol_c222;flag_viol_c223;flag_viol_c224;flag_viol_c225;flag_viol_c226;flag_viol_c227;flag_viol_c228;flag_viol_c229;flag_viol_c230;flag_viol_c231;flag_viol_c232;flag_viol_c233;flag_viol_c234;flag_viol_c235;flag_viol_c236;flag_viol_c237;flag_viol_c238;flag_viol_c239;flag_viol_c240;flag_viol_c241;flag_viol_c242;flag_viol_c243;flag_viol_c244;flag_viol_c245;flag_viol_c246;flag_viol_c247;flag_viol_c248;flag_viol_c249;flag_viol_c250;CG time;CG time solve model;CG counter;# constraints last MILP;obj value last MILP;user time last MILP;elapsed time last MILP
180;14.52;12.01;16.28;-0.56;-3.6;-9.65;-2.05;-2.17;-6.65;-8.4;6.87;-3.89;-4.42;-13.62;-6.07;1.38;-14.68;3.16;-16.66;-4.41;-3.9;-10.42;1.89;9.62;-14.61;7.55;5.11;6.84;12.41;-10.89;-5.03;-11.67;0.07;2.97;6.62;12.15;17.02;-2.07;7.85;9.06;4.24;-11.93;-9.26;-4.0;18.22;16.17;-3.95;11.72;-6.34;-4.52;4.25;-1.41;8.07;-4.94;-15.06;-3.45;-4.85;-6.43;-10.25;30.21;-10.21;20.27;1.89;-12.01;-3.71;14.22;-3.66;11.58;-0.16;-16.19;4.02;11.21;20.03;-4.66;-8.67;-8.9;-8.51;-20.12;-4.34;-11.78;9.78;-0.82;17.75;-14.94;7.46;-0.34;6.06;-18.39;25.51;-7.9;1.26;-7.04;13.83;30.27;13.59;-8.05;18.64;-11.11;2.67;2.74;18.33;6.32;-18.77;-8.16;1.95;-8.55;-26.51;5.27;6.59;7.76;7.35;25.69;-8.15;-7.85;4.13;16.03;30.05;5.19;4.11;1.37;11.62;-1.13;-4.2;-3.19;2.58;5.07;-10.17;-18.43;-11.1;11.85;-14.02;2.85;-1.19;10.12;6.91;-9.53;5.16;6.01;-1.01;1.95;1.72;1.26;-4.34;-1.08;-14.72;-0.0;-2.74;0.31;19.82;-7.07;-9.28;1.92;4.84;-6.15;-0.67;-1.21;1.54;-17.28;2.21;3.39;3.31;-13.61;-7.65;-11.15;13.58;10.8;-0.21;-9.22;-12.77;-8.95;-8.66;10.2;2.28;-12.0;3.52;-8.02;-4.45;10.03;-8.57;-5.67;4.98;-29.96;19.68;3.05;-18.1;17.42;-3.94;-0.86;-3.19;-17.26;2.37;6.93;16.05;6.53;30.87;-1.39;-1.73;9.98;8.44;-13.34;-18.18;-6.03;-1.41;3.44;17.77;0.99;13.02;-11.76;18.75;1.63;-5.09;3.83;-12.87;3.39;13.53;12.65;1.56;-16.23;-11.0;15.59;-3.03;4.15;0.48;7.26;-2.33;-10.01;-7.92;10.91;-8.64;7.9;2.6;-11.32;-4.09;4.63;7.34;2.01;-21.08;5.59;-3.98;1.16;7.34;-5.21;7.9;2.16;4.23;-7.52;-12.71;-3.55;-3.76;19.36;1;-1;1;1;1;1;-1;-1;1;1;-1;1;1;1;1;1;1;-1;1;1;1;-1;1;1;1;-1;1;-1;-1;1;-1;1;1;-1;1;-1;1;-1;-1;1;-1;1;1;1;-1;1;1;-1;-1;-1;-1;-1;1;-1;1;-1;1;-1;1;-1;-1;1;1;1;-1;1;1;-1;1;-1;-1;-1;-1;1;1;1;-1;-1;1;-1;1;-1;1;1;-1;-1;-1;-1;1;1;1;1;1;1;-1;1;1;-1;-1;1;1;-1;1;1;-1;-1;-1;-1;1;-1;1;-1;1;-1;1;1;-1;-1;-1;-1;1;1;1;-1;-1;-1;-1;1;1;1;-1;1;1;-1;1;-1;1;1;-1;1;1;-1;1;-1;-1;1;-1;1;1;1;-1;1;1;1;-1;1;-1;1;-1;-1;1;1;1;1;-1;1;1;1;-1;-1;-1;-1;1;1;1;1;-1;-1;1;-1;1;1;-1;1;1;-1;-1;1;1;1;1;-1;1;1;-1;-1;-1;-1;1;1;-1;-1;1;1;1;-1;-1;-1;-1;1;-1;1;1;-1;-1;-1;1;1;1;1;-1;1;1;-1;-1;-1;-1;-1;1;1;-1;-1;1;-1;1;1;1;1;1;1;1;1;1;-1;-1;-1;-1;-1;1;-1;False;False;False;False;False;False;False;False;False;False;False;False;False;False;False;False;False;False;False;False;False;False;False;False;False;False;False;False;False;False;False;False;False;False;False;False;False;False;False;False;False;False;False;False;False;False;False;False;False;False;False;False;False;False;False;False;False;False;False;False;False;False;False;False;False;False;False;False;False;False;False;False;False;False;False;False;False;False;False;False;False;False;False;False;False;False;False;False;False;False;False;False;False;False;False;False;False;False;False;False;False;False;False;False;False;False;False;False;False;False;False;False;False;False;False;False;False;False;False;False;False;False;False;False;False;False;False;False;False;False;False;False;False;False;False;False;False;False;False;False;False;False;False;False;False;False;False;False;False;False;False;False;False;False;False;False;False;False;False;False;False;False;False;False;False;False;False;False;False;False;False;False;False;False;False;False;False;False;False;False;False;False;False;False;False;False;False;False;False;False;False;False;False;False;False;False;False;False;False;False;False;False;False;False;False;False;False;False;False;False;False;False;False;False;False;False;False;False;False;False;False;False;False;False;False;False;False;False;False;False;False;False;False;False;False;False;False;False;False;False;False;False;False;False;False;False;False;False;False;False;0;0;0;137;-17160.325077072466;7.4;7.680496692657471
181;2.31;9.77;-19.3;-14.34;-1.03;9.58;1.74;-16.56;2.05;-9.63;4.54;-1.02;14.63;2.1;8.7;5.29;16.92;12.35;1.56;-6.8;-17.79;-9.82;6.66;0.86;1.1;-9.11;-10.89;10.19;-7.45;11.78;-10.9;-3.04;-8.77;-0.19;16.73;2.09;-5.33;-8.47;7.76;4.49;-0.34;1.62;-2.17;-6.76;-14.33;21.17;5.71;12.9;-8.5;3.83;-5.54;7.82;-6.35;-27.25;2.72;4.15;-20.17;-7.72;-0.44;-8.44;8.33;-8.26;-2.13;0.82;-12.61;20.81;-1.04;21.43;-2.57;12.28;-16.99;-9.75;-2.7;7.19;0.42;-0.93;-15.45;-18.05;0.29;-4.07;9.7;-9.27;-2.06;6.53;-1.47;7.88;2.55;7.78;-6.78;-6.72;6.49;-2.95;2.75;14.84;-9.3;-6.58;-0.59;4.28;-1.12;-7.31;-9.13;-3.9;7.72;-20.21;8.2;3.19;0.57;-12.6;-5.59;13.53;-7.98;15.0;-5.7;-1.97;2.05;-7.85;18.64;-3.86;-12.95;-13.96;15.47;-8.84;7.85;-17.97;2.88;3.53;0.34;-1.94;10.8;5.82;-18.27;-2.73;-0.22;-14.15;-2.75;-4.74;3.85;5.76;16.18;-0.69;-7.66;21.75;5.42;14.54;15.34;8.13;-0.72;6.57;-20.77;-15.81;-3.23;2.03;-10.39;7.16;23.65;8.91;7.13;-10.07;3.89;-1.83;19.14;-16.56;-5.32;2.1;1.92;12.0;9.37;13.28;10.55;22.21;6.54;13.86;-5.52;3.27;3.89;11.24;2.49;-0.69;-12.27;-7.3;-1.61;3.05;-21.1;-28.72;3.95;1.08;-10.88;-0.15;0.98;8.89;-17.62;-2.89;-10.02;4.45;-14.16;2.35;-1.27;-1.11;-6.61;3.05;6.99;-0.43;16.85;-4.85;-18.38;-8.86;-24.29;-11.78;1.15;5.76;-9.83;-15.17;13.52;11.34;1.03;0.12;5.17;-10.33;5.81;9.48;-4.14;-6.52;-2.39;-2.27;8.39;29.98;1.22;-1.69;-3.27;2.61;1.35;6.13;-6.59;-6.27;-12.95;2.88;-0.85;9.06;-3.53;22.01;3.88;3.28;-10.36;28.03;0.63;-6.46;-7.08;-19.91;-12.37;-6.68;1;-1;1;1;1;1;-1;-1;1;1;-1;1;1;1;1;1;1;-1;1;1;1;-1;1;1;1;-1;1;-1;-1;1;-1;1;1;-1;1;-1;1;-1;-1;1;-1;1;1;1;-1;1;1;-1;-1;-1;-1;-1;1;-1;1;-1;1;-1;1;-1;-1;1;1;1;-1;1;1;-1;1;-1;-1;-1;-1;1;1;1;-1;-1;1;-1;1;-1;1;1;-1;-1;-1;-1;1;1;1;1;1;1;-1;1;1;-1;-1;1;1;-1;1;1;-1;-1;-1;-1;1;-1;1;-1;1;-1;1;1;-1;-1;-1;-1;1;1;1;-1;-1;-1;-1;1;1;1;-1;1;1;-1;1;-1;1;1;-1;1;1;-1;1;-1;-1;1;-1;1;1;1;-1;1;1;1;-1;1;-1;1;-1;-1;1;1;1;1;-1;1;1;1;-1;-1;-1;-1;1;1;1;1;-1;-1;1;-1;1;1;-1;1;1;-1;-1;1;1;1;1;-1;1;1;-1;-1;-1;-1;1;1;1;-1;1;1;1;-1;-1;-1;-1;1;-1;1;1;-1;-1;-1;1;1;1;1;-1;1;1;-1;-1;-1;-1;-1;1;1;-1;-1;1;-1;1;1;1;1;1;1;1;1;1;-1;-1;-1;-1;-1;1;-1;False;False;False;False;False;False;False;False;False;False;False;False;False;False;False;False;False;False;False;False;False;False;False;False;False;False;False;False;False;False;False;False;False;False;False;False;False;False;False;False;False;False;False;False;False;False;False;False;False;False;False;False;False;False;False;False;False;False;False;False;False;False;False;False;False;False;False;False;False;False;False;False;False;False;False;False;False;False;False;False;False;False;False;False;False;False;False;False;False;False;False;False;False;False;False;False;False;False;False;False;False;False;False;False;False;False;False;False;False;False;False;False;False;False;False;False;False;False;False;False;False;False;False;False;False;False;False;False;False;False;False;False;False;False;False;False;False;False;False;False;False;False;False;False;False;False;False;False;False;False;False;False;False;False;False;False;False;False;False;False;False;False;False;False;False;False;False;False;False;False;False;False;False;False;False;False;False;False;False;False;False;False;False;False;False;False;False;False;False;False;False;False;False;False;False;False;False;False;False;False;False;False;False;False;False;False;False;False;False;False;False;False;False;False;False;False;False;False;False;False;False;False;False;False;False;False;False;False;False;False;False;False;False;False;False;False;False;False;False;False;False;False;False;False;False;False;False;False;False;False;0;0;0;138;-17164.953298867567;9.09;9.370843887329102
182;-2.57;7.4;0.93;15.32;-0.8;11.09;11.51;2.89;20.49;-4.75;5.93;-17.04;-7.06;-14.61;-5.9;5.49;-4.37;25.01;-3.03;-4.69;11.57;-1.74;-5.73;-0.59;-4.5;-1.57;-8.67;-3.58;-11.1;-12.4;8.7;8.88;12.25;-9.26;6.8;-23.67;-21.1;-6.78;3.68;9.94;12.63;15.07;-4.22;-4.57;3.86;-1.35;4.03;-10.22;-9.24;-5.11;0.06;-18.44;-10.73;-5.05;-0.44;5.03;-20.28;-1.46;11.99;1.19;-3.08;-15.33;-7.1;-4.79;19.29;2.46;0.24;-0.78;-4.78;-10.62;8.6;3.36;-4.12;0.61;-15.29;0.78;-3.62;4.44;-6.06;-4.78;1.52;-1.86;5.48;-1.78;-2.64;8.29;4.36;-2.6;-4.53;-5.62;-19.06;1.5;-12.27;-3.4;23.63;-6.89;17.71;-13.37;10.59;2.38;-12.26;12.28;-1.26;4.01;11.92;-20.04;7.58;9.31;-0.34;-2.8;7.04;6.32;32.34;11.34;4.86;-1.98;2.03;17.55;13.49;-2.78;-5.63;1.83;-2.98;9.33;16.47;-3.62;2.59;-3.13;-3.17;-13.46;-12.94;-0.75;-13.99;5.75;-1.62;4.06;1.7;1.08;-22.37;-2.59;4.46;-8.72;3.16;2.25;-0.39;14.08;8.88;-2.52;4.1;-1.69;4.53;8.39;-4.31;6.15;3.43;8.79;1.92;22.5;-4.41;-4.15;-17.24;-0.74;-15.13;-8.98;-2.09;-8.14;6.33;-18.14;5.14;-14.87;-15.95;-3.96;-7.89;14.53;-5.67;9.01;7.13;12.58;5.89;-1.57;6.12;3.75;-8.71;-1.89;-0.26;-1.89;2.06;10.92;8.3;15.07;11.28;2.65;11.82;-23.54;14.33;13.78;-6.23;-11.02;8.29;-20.61;22.34;-4.37;0.34;-5.64;5.89;6.2;-4.85;-3.09;4.7;11.96;1.62;3.97;-2.85;-5.04;13.6;-0.34;-8.64;-2.11;12.09;12.72;0.0;8.6;10.5;-7.56;17.02;5.48;-9.23;-2.76;-1.55;-14.54;8.99;-12.35;-10.39;11.13;4.15;-8.37;-1.39;4.93;10.17;-2.48;-8.21;-8.3;-2.03;13.54;-7.05;-0.78;6.75;4.73;6.8;2.09;1;-1;1;1;1;1;-1;-1;1;1;-1;1;1;1;1;1;1;-1;1;1;1;-1;1;1;1;-1;1;-1;-1;1;-1;1;1;-1;1;-1;1;-1;-1;1;-1;1;1;1;-1;1;1;-1;-1;-1;-1;-1;1;-1;1;-1;1;-1;1;-1;-1;1;1;1;-1;1;1;-1;1;-1;-1;-1;-1;1;1;1;-1;-1;1;-1;1;-1;1;1;-1;-1;-1;-1;1;1;1;1;1;1;-1;1;1;-1;-1;1;1;-1;1;1;-1;-1;-1;-1;1;-1;1;-1;1;-1;1;1;-1;-1;-1;-1;1;1;1;-1;-1;-1;-1;1;1;1;-1;1;1;-1;1;-1;1;1;-1;1;1;-1;1;-1;-1;1;-1;1;1;1;-1;1;1;1;-1;1;-1;1;-1;-1;1;1;1;1;-1;1;1;1;-1;-1;-1;-1;1;1;1;1;-1;-1;1;-1;1;1;1;1;1;-1;-1;1;1;1;1;-1;1;1;-1;-1;-1;-1;1;1;-1;-1;1;1;1;-1;-1;-1;-1;1;-1;1;1;-1;-1;-1;1;1;1;1;-1;1;1;-1;-1;-1;-1;-1;1;1;-1;-1;1;-1;1;1;1;1;1;1;1;1;1;-1;-1;-1;-1;-1;1;-1;False;False;False;False;False;False;False;False;False;False;False;False;False;False;False;False;False;False;False;False;False;False;False;False;False;False;False;False;False;False;False;False;False;False;False;False;False;False;False;False;False;False;False;False;False;False;False;False;False;False;False;False;False;False;False;False;False;False;False;False;False;False;False;False;False;False;False;False;False;False;False;False;False;False;False;False;False;False;False;False;False;False;False;False;False;False;False;False;False;False;False;False;False;False;False;False;False;False;False;False;False;False;False;False;False;False;False;False;False;False;False;False;False;False;False;False;False;False;False;False;False;False;False;False;False;False;False;False;False;False;False;False;False;False;False;False;False;False;False;False;False;False;False;False;False;False;False;False;False;False;False;False;False;False;False;False;False;False;False;False;False;False;False;False;False;False;False;False;False;False;False;False;False;False;False;False;False;False;False;False;False;False;False;False;False;False;False;False;False;False;False;False;False;False;False;False;False;False;False;False;False;False;False;False;False;False;False;False;False;False;False;False;False;False;False;False;False;False;False;False;False;False;False;False;False;False;False;False;False;False;False;False;False;False;False;False;False;False;False;False;False;False;False;False;False;False;False;False;False;False;0;0;0;138;-17165.55877368903;9.35;9.64168930053711
183;9.14;-9.51;-6.83;-17.22;11.92;1.2;2.3;-5.05;-2.95;17.11;0.47;-2.37;-1.32;-1.86;1.28;1.88;5.06;7.34;8.59;-0.89;-16.18;2.21;15.09;-3.33;10.05;0.6;-1.23;-8.58;3.81;7.86;15.01;-8.64;-0.7;-3.83;17.39;-9.17;2.49;-3.29;-14.38;-4.47;8.62;-6.17;4.09;11.07;1.73;-8.27;3.19;2.45;-4.48;9.03;-10.11;16.5;-0.8;-11.45;-5.34;-8.16;-6.66;-11.9;-4.85;2.84;17.19;-4.82;-6.37;-9.58;-6.2;-5.43;2.35;8.07;-13.68;9.03;-9.75;-31.25;7.7;-9.45;0.48;-15.92;0.63;-11.94;-7.31;8.19;-0.07;-2.2;23.23;4.04;-24.02;7.85;14.61;15.96;-14.06;13.58;2.92;-5.49;8.11;4.26;17.0;11.62;-6.98;-0.55;11.19;11.73;-0.08;20.81;-10.76;5.45;-9.41;0.63;-9.04;2.38;3.76;-8.91;1.93;-6.99;-6.12;15.99;-11.82;-9.32;-8.02;-15.54;17.32;22.75;-8.82;8.71;0.23;-0.81;3.3;-11.34;8.72;7.42;6.59;1.83;-8.84;-3.35;-3.83;-0.88;1.1;4.18;-0.21;-8.57;1.46;-3.87;19.88;21.04;-7.33;11.88;-13.7;-2.96;9.79;7.69;10.17;-1.02;12.27;16.21;6.81;-18.75;-2.48;0.92;-11.98;-1.3;5.98;-13.55;-17.7;1.85;4.45;-7.13;3.24;-1.39;-13.2;8.76;2.72;2.51;12.95;-8.56;-4.61;13.23;8.91;5.89;-0.91;3.21;1.88;10.0;3.36;9.21;10.34;11.55;-10.33;-9.41;-14.89;8.88;-14.22;-16.15;12.52;-10.87;12.09;6.87;0.6;-9.94;-11.43;-4.0;12.95;1.05;-6.84;-7.38;-11.75;7.5;-0.33;5.83;8.62;-10.54;2.28;19.13;-14.71;3.77;1.48;6.96;10.85;5.0;-10.32;20.65;13.23;-6.22;10.04;-11.72;-8.64;3.59;-3.96;7.27;5.01;-5.79;-8.51;17.45;3.01;-9.1;12.55;5.51;15.62;6.45;-16.15;1.5;-7.83;1.48;-1.1;1.3;1.61;5.64;-0.7;3.78;-11.06;6.28;-6.89;2.4;1;-1;1;1;1;1;-1;-1;1;1;-1;1;1;1;1;1;1;-1;1;1;1;-1;1;1;1;-1;1;-1;-1;1;-1;1;1;-1;1;-1;1;-1;-1;1;-1;1;1;1;-1;1;1;-1;-1;-1;-1;-1;1;-1;1;-1;1;-1;1;-1;-1;1;1;1;-1;1;1;-1;1;-1;-1;-1;-1;1;1;1;-1;-1;1;-1;1;-1;1;1;-1;-1;-1;-1;1;1;1;1;1;1;-1;1;1;-1;-1;1;1;-1;1;1;-1;-1;-1;-1;1;-1;1;-1;1;-1;1;1;-1;-1;-1;-1;1;1;1;-1;-1;-1;-1;1;1;1;-1;1;1;-1;1;-1;1;1;-1;1;1;-1;1;-1;-1;1;-1;1;1;1;-1;1;1;1;-1;1;-1;1;-1;-1;1;1;1;1;-1;1;1;1;-1;-1;-1;-1;1;1;1;1;-1;-1;1;-1;1;1;1;1;1;-1;-1;1;1;1;1;-1;1;1;-1;-1;-1;-1;1;1;1;-1;1;1;1;-1;-1;-1;-1;1;-1;1;1;-1;-1;-1;1;1;1;1;-1;1;1;-1;-1;-1;-1;-1;1;1;-1;-1;1;-1;1;1;1;1;1;1;1;1;1;-1;-1;-1;-1;-1;1;-1;False;False;False;False;False;False;False;False;False;False;False;False;False;False;False;False;False;False;False;False;False;False;False;False;False;False;False;False;False;False;False;False;False;False;False;False;False;False;False;False;False;False;False;False;False;False;False;False;False;False;False;False;False;False;False;False;False;False;False;False;False;False;False;False;False;False;False;False;False;False;False;False;False;False;False;False;False;False;False;False;False;False;False;False;False;False;False;False;False;False;False;False;False;False;False;False;False;False;False;False;False;False;False;False;False;False;False;False;False;False;False;False;False;False;False;False;False;False;False;False;False;False;False;False;False;False;False;False;False;False;False;False;False;False;False;False;False;False;False;False;False;False;False;False;False;False;False;False;False;False;False;False;False;False;False;False;False;False;False;False;False;False;False;False;False;False;False;False;False;False;False;False;False;False;False;False;False;False;False;False;False;False;False;False;False;False;False;False;False;False;False;False;False;False;False;False;False;False;False;False;False;False;False;False;False;False;False;False;False;False;False;False;False;False;False;False;False;False;False;False;False;False;False;False;False;False;False;False;False;False;False;False;False;False;False;False;False;False;False;False;False;False;False;False;False;False;False;False;False;False;0;0;0;139;-17174.345201598637;7.28;7.553886413574219
184;11.37;-22.17;-7.93;-11.7;0.83;-3.62;-5.13;4.12;18.44;-6.72;-6.63;3.26;-13.71;0.32;2.89;11.22;-13.73;-7.36;15.6;11.4;-2.92;-12.19;-7.63;14.66;26.63;-3.81;6.14;3.56;8.9;18.31;-6.74;13.16;-25.08;-3.43;13.89;-3.78;20.01;13.92;5.6;6.47;9.76;-9.75;-18.57;10.08;8.39;-5.26;23.03;-14.9;4.14;18.6;18.63;3.0;3.78;4.7;7.81;-11.97;11.93;0.14;-16.22;-15.94;8.47;-15.36;-14.05;6.17;-21.63;-0.97;-13.79;9.41;-5.23;-4.91;13.08;3.25;12.13;-13.05;8.82;-8.19;-11.51;-7.31;-1.19;8.49;16.46;-9.74;-8.7;-4.69;7.03;-12.33;2.71;-12.3;-6.23;2.01;-12.05;6.65;17.86;9.81;4.3;-0.89;-12.2;-14.0;-3.44;18.92;6.11;-8.3;7.41;-12.05;0.58;7.36;6.35;2.46;-10.12;9.58;-4.24;-6.9;9.84;5.2;3.98;8.29;9.3;-2.02;16.73;-5.03;-6.45;8.87;23.9;-3.08;0.35;22.76;-18.49;7.25;4.45;-4.47;7.05;-7.7;5.38;3.79;13.34;-5.24;-10.47;2.82;-8.04;1.2;1.54;22.76;-5.69;12.5;-5.31;-2.32;3.43;-14.19;-4.83;7.59;8.8;14.49;-4.26;-15.67;-4.06;8.22;-9.56;3.04;15.02;-2.83;-9.73;2.99;12.49;10.86;6.49;4.82;-3.58;15.72;14.03;-0.22;2.47;7.51;6.99;-13.7;9.83;-3.79;14.26;2.95;16.03;-8.33;3.45;-8.13;-3.15;-6.79;-5.97;-20.16;11.83;1.19;17.19;17.84;-5.56;2.11;4.26;-3.46;-2.83;11.4;8.13;-7.11;13.55;-16.98;6.79;-5.06;4.84;16.14;6.78;-0.36;-11.7;-8.32;5.25;4.24;-4.32;-6.92;-0.67;-6.54;9.86;0.5;-20.98;1.59;-4.06;5.17;-24.0;-1.21;11.02;12.32;-4.91;2.94;-3.08;3.27;-4.65;-3.2;-2.9;-16.71;-10.4;2.12;-1.3;-5.31;1.31;-1.03;0.19;-15.18;-8.21;5.94;9.1;-7.13;7.2;5.95;12.72;6.75;-0.94;4.73;1;-1;1;1;1;1;-1;-1;1;1;-1;1;1;1;1;1;1;-1;1;1;1;-1;1;1;1;-1;1;-1;-1;1;-1;1;1;-1;1;-1;1;-1;-1;1;-1;1;1;1;-1;1;1;-1;-1;-1;-1;-1;1;-1;1;-1;1;-1;1;-1;-1;1;1;1;-1;1;1;-1;1;-1;-1;-1;-1;1;1;1;-1;-1;1;-1;1;-1;1;1;-1;-1;-1;-1;1;1;1;1;1;1;-1;1;1;-1;-1;1;1;-1;1;1;-1;-1;-1;-1;1;-1;1;-1;1;-1;1;1;-1;-1;-1;-1;1;1;1;-1;-1;-1;-1;1;1;1;-1;1;1;-1;1;-1;1;1;-1;1;1;-1;1;-1;-1;1;-1;1;1;1;-1;1;1;1;-1;1;-1;1;-1;-1;1;1;1;1;-1;1;1;1;-1;-1;-1;-1;1;1;1;1;-1;-1;1;-1;1;1;1;1;1;-1;-1;1;1;1;1;-1;1;1;-1;-1;-1;-1;1;1;1;-1;1;1;1;-1;-1;-1;-1;1;-1;1;1;-1;-1;-1;1;1;1;1;-1;1;1;-1;-1;-1;-1;-1;1;1;-1;-1;1;-1;1;1;1;1;1;1;1;1;1;-1;-1;-1;-1;-1;1;-1;False;False;False;False;False;False;False;False;False;False;False;False;False;False;False;False;False;False;False;False;False;False;False;False;False;False;False;False;False;False;False;False;False;False;False;False;False;False;False;False;False;False;False;False;False;False;False;False;False;False;False;False;False;False;False;False;False;False;False;False;False;False;False;False;False;False;False;False;False;False;False;False;False;False;False;False;False;False;False;False;False;False;False;False;False;False;False;False;False;False;False;False;False;False;False;False;False;False;False;False;False;False;False;False;False;False;False;False;False;False;False;False;False;False;False;False;False;False;False;False;False;False;False;False;False;False;False;False;False;False;False;False;False;False;False;False;False;False;False;False;False;False;False;False;False;False;False;False;False;False;False;False;False;False;False;False;False;False;False;False;False;False;False;False;False;False;False;False;False;False;False;False;False;False;False;False;False;False;False;False;False;False;False;False;False;False;False;False;False;False;False;False;False;False;False;False;False;False;False;False;False;False;False;False;False;False;False;False;False;False;False;False;False;False;False;False;False;False;False;False;False;False;False;False;False;False;False;False;False;False;False;False;False;False;False;False;False;False;False;False;False;False;False;False;False;False;False;False;False;False;0;0;0;139;-17172.148863479968;9.85;10.123390913009644
185;1.19;3.46;-20.24;13.61;11.59;-9.86;22.12;-0.22;10.07;6.77;-10.58;-4.88;11.12;-9.37;11.44;-14.91;-4.84;19.55;-1.33;-3.89;10.1;6.64;10.61;-12.98;7.74;1.41;-16.93;-1.52;-7.79;-14.09;9.01;-6.0;-9.52;17.3;1.23;-10.85;2.55;7.35;-1.37;-8.27;-13.08;-3.09;-11.62;-5.75;10.42;-0.01;-2.94;20.05;7.7;22.9;5.03;-4.81;-10.75;-24.92;-17.1;-3.74;3.06;-19.93;0.31;-1.57;-6.47;5.17;9.95;13.35;17.24;5.72;28.21;-2.38;-1.7;-5.23;-2.21;3.47;1.04;2.97;-6.35;-2.35;-12.45;-1.08;2.35;8.14;-16.31;10.5;16.66;-5.34;11.49;11.94;0.31;16.99;-1.45;10.52;-7.39;-0.83;7.6;-14.32;2.25;-17.66;2.45;-2.48;5.82;15.2;9.97;18.02;-1.76;10.16;-11.01;4.28;-2.85;-8.41;6.74;-10.39;5.01;17.9;-21.51;5.0;4.18;9.83;1.52;1.69;-5.95;4.99;-3.04;-7.56;5.46;-1.04;7.4;5.66;-6.34;-4.53;6.57;-2.66;-12.81;-8.3;-13.53;10.68;-3.06;-8.14;10.49;-2.6;-13.76;-1.43;-5.91;7.56;-4.48;-9.02;17.31;6.05;-0.03;-11.13;7.72;-6.98;0.98;-2.16;3.53;-10.1;7.38;-15.96;3.08;-13.61;7.09;3.05;4.87;3.42;10.26;-22.16;-11.7;-7.98;-7.34;3.97;2.76;-19.74;0.51;-6.39;-10.9;14.35;12.02;7.11;-4.63;-8.8;-9.69;-2.32;0.68;-11.7;-30.48;24.45;2.16;-2.42;4.62;-8.4;-9.69;1.49;5.86;-14.04;-9.89;6.48;-5.97;3.57;3.35;-5.06;23.31;-15.76;-0.27;11.79;3.79;19.56;-8.53;-2.76;10.94;4.8;-14.03;18.93;-1.08;-1.18;3.37;1.2;-6.85;-3.08;-10.94;21.15;-8.22;5.47;-3.73;1.0;0.91;2.29;1.37;-5.19;7.22;4.94;-2.51;-3.82;3.06;-1.73;-2.29;-11.44;2.3;-5.59;0.45;-7.88;8.98;0.71;-4.19;-10.27;-1.06;-25.56;11.52;-7.46;10.36;5.82;9.72;20.21;1;-1;1;1;1;1;-1;-1;1;1;-1;1;1;1;1;1;1;-1;1;1;1;-1;1;1;1;-1;1;-1;-1;1;-1;1;1;-1;1;-1;1;-1;-1;1;-1;1;1;1;-1;1;1;-1;-1;-1;-1;-1;1;-1;1;-1;1;-1;1;-1;-1;1;1;1;-1;1;1;-1;1;-1;-1;-1;-1;1;1;1;-1;-1;1;-1;1;-1;1;1;-1;-1;-1;-1;1;1;1;1;1;1;-1;1;1;-1;-1;1;1;-1;1;1;-1;-1;-1;-1;1;-1;1;-1;1;-1;1;1;-1;-1;-1;-1;1;1;1;-1;-1;-1;-1;1;1;1;-1;1;1;-1;1;-1;1;1;-1;1;1;-1;1;-1;-1;1;-1;1;1;1;-1;1;1;1;-1;1;-1;1;-1;-1;1;1;1;1;-1;1;1;1;-1;-1;-1;-1;1;1;1;1;-1;-1;1;-1;1;1;-1;1;1;-1;-1;1;1;1;1;-1;1;1;-1;-1;-1;-1;1;1;1;-1;1;1;1;-1;-1;-1;-1;1;-1;1;1;-1;-1;-1;1;1;1;1;-1;1;1;-1;-1;-1;-1;-1;1;1;-1;-1;1;-1;1;1;1;1;1;1;1;1;1;-1;-1;-1;-1;-1;1;-1;False;False;False;False;False;False;False;False;False;False;False;False;False;False;False;False;False;False;False;False;False;False;False;False;False;False;False;False;False;False;False;False;False;False;False;False;False;False;False;False;False;False;False;False;False;False;False;False;False;False;False;False;False;False;False;False;False;False;False;False;False;False;False;False;False;False;False;False;False;False;False;False;False;False;False;False;False;False;False;False;False;False;False;False;False;False;False;False;False;False;False;False;False;False;False;False;False;False;False;False;False;False;False;False;False;False;False;False;False;False;False;False;False;False;False;False;False;False;False;False;False;False;False;False;False;False;False;False;False;False;False;False;False;False;False;False;False;False;False;False;False;False;False;False;False;False;False;False;False;False;False;False;False;False;False;False;False;False;False;False;False;False;False;False;False;False;False;False;False;False;False;False;False;False;False;False;False;False;False;False;False;False;False;False;False;False;False;False;False;False;False;False;False;False;False;False;False;False;False;False;False;False;False;False;False;False;False;False;False;False;False;False;False;False;False;False;False;False;False;False;False;False;False;False;False;False;False;False;False;False;False;False;False;False;False;False;False;False;False;False;False;False;False;False;False;False;False;False;False;False;0;0;0;138;-17156.65501612597;7.88;8.14422082901001
186;-4.88;15.65;13.09;-12.68;4.64;6.89;-26.21;9.47;-17.54;-1.96;-5.43;-2.77;0.97;2.19;-13.17;-10.92;-6.35;-18.09;-4.75;-17.2;5.84;8.12;6.3;0.25;-16.56;19.91;-11.93;0.19;10.71;5.29;7.06;-5.09;16.46;-17.43;11.24;-3.16;24.63;13.83;7.94;0.89;-0.76;-4.66;25.95;-0.98;4.95;-11.28;-5.48;3.82;-6.44;-3.0;1.61;2.0;15.57;-4.65;22.57;2.37;-4.53;-4.05;0.15;11.42;-4.69;-14.53;1.48;2.19;-11.12;-8.28;-5.4;12.46;-4.47;-8.84;8.01;20.38;-13.32;4.58;5.39;-3.25;-0.42;6.3;3.22;-5.91;15.75;17.81;0.57;13.79;5.42;0.16;5.79;-10.72;-0.05;-25.85;-11.54;1.47;-2.8;-18.58;-8.17;0.21;-3.57;-5.37;1.89;7.46;-0.93;4.69;-4.81;-30.86;-12.96;-4.64;3.29;-3.04;-2.98;0.8;9.28;7.0;4.13;-14.57;2.52;-3.55;-0.47;-4.79;-10.24;-9.26;-9.42;19.97;-8.97;19.19;-9.74;18.07;-5.99;-0.49;3.95;0.99;2.54;5.93;-6.0;7.93;4.47;-2.25;3.28;8.48;-0.73;16.08;-0.74;1.64;12.32;0.75;8.93;-3.57;-20.23;5.11;3.42;15.94;6.41;13.85;13.18;-8.55;7.36;12.17;16.4;-14.87;4.75;10.11;-2.96;-21.57;-8.44;7.32;-1.35;-11.25;5.43;-12.11;6.33;7.41;-7.07;-7.14;-1.12;5.06;10.6;8.79;-2.19;10.8;3.39;-5.26;7.65;3.78;10.17;5.16;9.53;-5.01;2.85;-8.77;10.88;-0.32;-18.89;-10.15;18.65;-10.08;6.41;-10.02;-6.58;23.57;-2.27;15.59;6.38;-8.91;7.45;20.27;16.02;2.63;6.0;-19.95;7.99;-8.92;5.04;7.11;-10.26;-15.51;-9.12;10.35;1.03;-0.23;-2.25;11.19;4.59;5.4;-4.33;-1.2;-0.05;-19.45;7.14;-3.35;1.16;14.44;2.83;-3.71;8.35;-2.63;-4.57;5.91;16.82;-4.56;2.14;-4.76;-5.09;15.98;7.08;-7.67;2.88;-2.91;18.11;5.28;-22.09;0.01;1;-1;1;1;1;1;-1;-1;1;1;-1;1;1;1;1;1;1;-1;1;1;1;-1;1;1;1;-1;1;-1;-1;1;-1;1;1;-1;1;-1;1;-1;-1;1;-1;1;1;1;-1;1;1;-1;-1;-1;-1;-1;1;-1;1;-1;1;-1;1;-1;-1;1;1;1;-1;1;1;-1;1;-1;-1;-1;-1;1;1;1;-1;-1;1;-1;1;-1;1;1;-1;-1;-1;-1;1;1;1;1;1;1;-1;1;1;-1;-1;1;1;-1;1;1;-1;-1;-1;-1;1;-1;1;-1;1;-1;1;1;-1;-1;-1;-1;1;1;1;-1;-1;-1;-1;1;1;1;-1;1;1;-1;1;-1;1;1;-1;1;1;-1;1;-1;-1;1;-1;1;1;1;-1;1;1;1;-1;1;-1;1;-1;-1;1;1;1;1;-1;1;1;1;-1;-1;-1;-1;1;1;1;1;-1;-1;1;-1;1;1;1;1;1;-1;-1;1;1;1;1;-1;1;1;-1;-1;-1;-1;1;1;1;-1;1;1;1;-1;-1;-1;-1;1;-1;1;1;-1;-1;-1;1;1;1;1;-1;1;1;-1;-1;-1;-1;-1;1;1;-1;-1;1;-1;1;1;1;1;1;1;1;1;1;-1;-1;-1;-1;-1;1;-1;False;False;False;False;False;False;False;False;False;False;False;False;False;False;False;False;False;False;False;False;False;False;False;False;False;False;False;False;False;False;False;False;False;False;False;False;False;False;False;False;False;False;False;False;False;False;False;False;False;False;False;False;False;False;False;False;False;False;False;False;False;False;False;False;False;False;False;False;False;False;False;False;False;False;False;False;False;False;False;False;False;False;False;False;False;False;False;False;False;False;False;False;False;False;False;False;False;False;False;False;False;False;False;False;False;False;False;False;False;False;False;False;False;False;False;False;False;False;False;False;False;False;False;False;False;False;False;False;False;False;False;False;False;False;False;False;False;False;False;False;False;False;False;False;False;False;False;False;False;False;False;False;False;False;False;False;False;False;False;False;False;False;False;False;False;False;False;False;False;False;False;False;False;False;False;False;False;False;False;False;False;False;False;False;False;False;False;False;False;False;False;False;False;False;False;False;False;False;False;False;False;False;False;False;False;False;False;False;False;False;False;False;False;False;False;False;False;False;False;False;False;False;False;False;False;False;False;False;False;False;False;False;False;False;False;False;False;False;False;False;False;False;False;False;False;False;False;False;False;False;0;0;0;139;-17174.273758562038;8.46;8.974627017974854
187;12.97;-6.67;4.67;8.69;1.39;21.43;-0.33;3.28;-3.15;-21.03;-20.02;-2.03;4.31;1.41;-5.45;-12.77;-7.84;7.66;7.49;-15.33;-12.68;-8.22;-2.51;2.45;22.91;-4.24;-10.69;0.13;-7.42;-9.79;6.73;0.48;17.3;2.9;-3.81;-0.33;-6.04;-0.65;0.35;5.25;2.63;6.83;-2.57;-12.33;19.77;-3.65;8.02;14.72;-5.41;4.3;-15.62;8.22;0.5;-6.45;-8.44;-12.28;6.26;10.13;-13.89;-6.23;-16.51;-3.31;-10.72;4.11;-29.63;-28.09;-13.72;-1.9;-7.35;0.31;-0.83;-2.15;-6.85;-10.3;4.12;0.65;-22.98;5.47;-13.69;0.08;-2.6;-2.75;7.39;0.13;30.44;-12.66;0.63;-6.51;-7.48;19.0;2.88;4.32;1.62;-16.53;-20.24;-3.53;-12.87;6.65;-4.14;-12.97;-11.14;8.12;-1.37;-0.17;-10.84;-2.1;5.07;-7.41;-13.95;-3.53;-15.34;-9.24;-5.4;6.66;-0.4;-7.04;1.12;4.96;-10.43;-6.07;6.77;3.64;9.98;-0.28;-10.51;-9.02;-7.15;-6.4;-22.71;8.51;-9.13;-9.12;-9.43;-0.85;-0.0;-17.97;-11.23;-4.36;7.29;6.51;-12.34;13.55;9.91;1.1;0.12;12.77;6.6;-0.5;-14.38;7.14;-6.56;9.06;-8.57;-2.57;-18.36;-11.75;-5.58;0.38;6.3;2.93;-1.69;-13.71;6.92;-1.47;1.45;6.95;-7.09;-8.41;-10.65;11.57;3.63;13.54;3.54;-2.78;-17.14;3.15;-2.97;14.7;3.71;19.42;-6.43;-5.31;5.97;-20.06;-8.99;14.76;-7.87;0.63;19.06;-14.85;-1.36;0.81;-17.86;10.37;-9.92;-2.28;5.67;15.1;-18.25;4.35;-2.45;12.35;-8.16;-5.11;-12.2;5.36;1.45;11.95;-2.07;3.87;5.65;-14.07;-3.62;2.0;9.21;-13.57;-2.5;2.72;-14.3;3.41;2.39;9.14;15.91;2.57;-4.46;-7.34;10.56;1.26;19.22;11.1;-8.91;-6.48;2.36;2.66;17.26;12.66;2.57;-3.67;7.5;-2.54;-3.88;11.91;-10.5;-20.68;6.35;4.78;-9.16;-7.62;-25.97;-0.39;1;-1;1;1;1;1;-1;-1;1;1;-1;1;1;1;1;1;1;-1;1;1;1;-1;1;1;1;-1;1;-1;-1;1;-1;1;1;-1;1;-1;1;-1;-1;1;-1;1;1;1;-1;1;1;-1;-1;-1;-1;-1;1;-1;1;-1;1;-1;1;-1;-1;1;1;1;-1;1;1;-1;1;-1;-1;-1;-1;1;1;1;-1;-1;1;-1;1;-1;1;1;-1;-1;-1;-1;1;1;1;1;1;1;-1;1;1;-1;-1;1;1;-1;1;1;-1;-1;-1;-1;1;-1;1;-1;1;-1;1;1;-1;-1;-1;-1;1;1;1;-1;-1;-1;-1;1;1;1;-1;1;1;-1;1;-1;1;1;-1;1;1;-1;1;-1;-1;1;-1;1;1;1;-1;1;1;1;-1;1;-1;1;-1;-1;1;1;1;1;-1;1;1;1;-1;-1;-1;-1;1;1;1;1;-1;-1;1;-1;1;1;1;1;1;-1;-1;1;1;1;1;-1;1;1;-1;-1;-1;-1;1;1;-1;-1;1;1;1;-1;-1;-1;-1;1;-1;1;1;-1;-1;-1;1;1;1;1;-1;1;1;-1;-1;-1;-1;-1;1;1;-1;-1;1;-1;1;1;1;1;1;1;1;1;1;-1;-1;-1;-1;-1;1;-1;False;False;False;False;False;False;False;False;False;False;False;False;False;False;False;False;False;False;False;False;False;False;False;False;False;False;False;False;False;False;False;False;False;False;False;False;False;False;False;False;False;False;False;False;False;False;False;False;False;False;False;False;False;False;False;False;False;False;False;False;False;False;False;False;False;False;False;False;False;False;False;False;False;False;False;False;False;False;False;False;False;False;False;False;False;False;False;False;False;False;False;False;False;False;False;False;False;False;False;False;False;False;False;False;False;False;False;False;False;False;False;False;False;False;False;False;False;False;False;False;False;False;False;False;False;False;False;False;False;False;False;False;False;False;False;False;False;False;False;False;False;False;False;False;False;False;False;False;False;False;False;False;False;False;False;False;False;False;False;False;False;False;False;False;False;False;False;False;False;False;False;False;False;False;False;False;False;False;False;False;False;False;False;False;False;False;False;False;False;False;False;False;False;False;False;False;False;False;False;False;False;False;False;False;False;False;False;False;False;False;False;False;False;False;False;False;False;False;False;False;False;False;False;False;False;False;False;False;False;False;False;False;False;False;False;False;False;False;False;False;False;False;False;False;False;False;False;False;False;False;0;0;0;138;-17162.42157612573;7.63;7.904016733169556
188;14.77;-11.21;-6.33;0.71;7.77;-10.77;2.1;-3.38;-18.34;-2.03;-5.24;-16.91;5.5;-12.01;15.75;-4.34;4.64;-1.86;3.0;2.47;10.39;-0.27;6.64;8.48;2.43;-19.0;-8.79;-13.81;15.0;5.19;-16.22;1.34;5.2;-16.28;-11.09;0.82;6.54;-15.85;-19.48;-6.01;11.36;-7.38;1.6;-6.11;-5.69;-3.62;-2.3;-0.74;-12.16;1.79;0.71;-10.5;4.77;-16.09;-4.84;19.26;-7.96;6.38;17.66;4.28;0.6;-9.91;-3.55;-5.29;-6.55;-5.73;0.41;-1.63;7.11;-7.98;-13.59;-16.57;3.83;2.65;-12.75;7.59;-29.68;-1.02;-6.25;2.36;5.41;-14.57;-5.38;7.94;2.84;-3.0;9.44;10.25;-7.14;-18.92;23.3;-2.7;10.12;-3.25;7.58;16.57;3.88;-14.16;-0.08;-3.1;0.68;17.65;-8.95;12.26;-9.65;-10.75;0.09;0.89;-8.57;10.51;4.3;-9.25;-6.13;18.66;6.12;4.45;-9.77;7.78;-8.43;-7.92;-2.79;6.2;14.31;-4.81;-13.55;-0.83;-4.61;-17.39;1.98;-2.77;7.21;-0.14;-10.59;-0.5;-11.41;5.88;9.83;8.56;2.18;-3.87;1.53;2.77;-4.17;-1.48;15.72;-1.01;-19.66;9.32;6.32;4.81;13.4;11.56;5.18;-10.49;4.96;4.65;-1.94;-14.32;-13.47;-9.71;-11.71;-20.71;11.98;2.08;2.56;-5.68;17.0;1.14;-15.24;7.38;4.59;2.83;-4.1;-8.67;5.0;-1.46;9.22;-17.62;-14.67;-4.91;-4.18;3.19;0.01;-30.47;4.57;3.97;10.99;-5.89;-17.39;29.53;-3.84;-8.91;2.38;1.76;11.44;-2.79;-18.75;-7.76;-3.03;-4.44;5.34;-15.43;-12.45;8.14;16.01;7.75;-14.43;-8.01;12.99;14.24;-10.65;-7.96;-4.2;-7.19;1.35;2.39;1.34;15.07;-12.25;-0.41;11.13;-21.02;4.02;4.24;-4.93;-14.62;-6.61;-4.0;-14.8;-5.27;-4.61;-8.38;11.3;-16.4;8.01;-13.08;2.39;5.94;7.48;-4.76;4.67;-1.67;-5.66;10.26;1.02;-11.57;-5.25;17.39;-0.53;20.58;1;-1;1;1;1;1;-1;-1;1;1;-1;1;1;1;1;1;1;-1;1;1;1;-1;1;1;1;-1;1;-1;-1;1;-1;1;1;-1;1;-1;1;-1;-1;1;-1;1;1;1;-1;1;1;-1;-1;-1;-1;-1;1;-1;1;-1;1;-1;1;-1;-1;1;1;1;-1;1;1;-1;1;-1;-1;-1;-1;1;1;1;-1;-1;1;-1;1;-1;1;1;-1;-1;-1;-1;1;1;1;1;1;1;-1;1;1;-1;-1;1;1;-1;1;1;-1;-1;-1;-1;1;-1;1;-1;1;-1;1;1;-1;-1;-1;-1;1;1;1;-1;-1;-1;-1;1;1;1;-1;1;1;-1;1;-1;1;1;-1;1;1;-1;1;-1;-1;1;-1;1;1;1;-1;1;1;1;-1;1;-1;1;-1;-1;1;1;1;1;-1;1;1;1;-1;-1;-1;-1;1;1;1;1;-1;-1;1;-1;1;1;1;1;1;-1;-1;1;1;1;1;-1;1;1;-1;-1;-1;-1;1;1;1;-1;1;1;1;-1;-1;-1;-1;1;-1;1;1;-1;-1;-1;1;1;1;1;-1;1;1;-1;-1;-1;-1;-1;1;1;-1;-1;1;-1;1;1;1;1;1;1;1;1;1;-1;-1;-1;-1;-1;1;-1;False;False;False;False;False;False;False;False;False;False;False;False;False;False;False;False;False;False;False;False;False;False;False;False;False;False;False;False;False;False;False;False;False;False;False;False;False;False;False;False;False;False;False;False;False;False;False;False;False;False;False;False;False;False;False;False;False;False;False;False;False;False;False;False;False;False;False;False;False;False;False;False;False;False;False;False;False;False;False;False;False;False;False;False;False;False;False;False;False;False;False;False;False;False;False;False;False;False;False;False;False;False;False;False;False;False;False;False;False;False;False;False;False;False;False;False;False;False;False;False;False;False;False;False;False;False;False;False;False;False;False;False;False;False;False;False;False;False;False;False;False;False;False;False;False;False;False;False;False;False;False;False;False;False;False;False;False;False;False;False;False;False;False;False;False;False;False;False;False;False;False;False;False;False;False;False;False;False;False;False;False;False;False;False;False;False;False;False;False;False;False;False;False;False;False;False;False;False;False;False;False;False;False;False;False;False;False;False;False;False;False;False;False;False;False;False;False;False;False;False;False;False;False;False;False;False;False;False;False;False;False;False;False;False;False;False;False;False;False;False;False;False;False;False;False;False;False;False;False;False;0;0;0;139;-17165.36089698528;8.1;8.360728740692139
189;19.18;3.35;1.63;-0.31;17.73;-3.57;6.65;13.55;-6.65;-1.31;5.64;-2.34;-19.41;0.28;23.14;0.1;2.08;2.29;-5.47;-7.91;-1.43;-4.24;-7.96;19.42;-11.64;1.33;10.95;-11.8;9.57;11.23;-7.24;0.88;5.32;1.35;-2.28;0.41;-4.05;-20.69;3.92;-8.55;7.47;-11.06;2.34;-7.5;-20.05;5.55;12.48;17.96;5.63;0.36;9.54;7.05;-10.5;8.49;-1.49;7.51;13.47;1.52;-5.9;3.44;3.32;-7.35;-2.56;-4.08;-12.67;-7.77;9.32;3.08;-16.36;9.17;11.23;-5.83;19.38;1.89;0.63;-17.94;-3.12;4.4;7.73;15.51;10.26;17.37;-10.43;-3.46;-4.91;-1.96;3.86;12.89;-6.4;-2.6;-19.31;13.63;-5.49;-7.57;9.75;0.52;3.88;5.34;-7.39;7.36;6.04;2.4;-2.4;17.49;-5.13;0.0;-15.6;2.44;-12.83;-2.99;10.01;-6.52;-10.6;-0.39;5.81;7.03;9.97;8.35;-21.27;-13.46;-2.26;4.77;-9.57;-1.68;-8.87;-5.07;-4.04;-6.86;2.22;-10.83;5.62;6.15;5.33;2.99;-0.89;17.01;11.22;8.07;-6.9;9.07;11.79;4.5;7.36;3.65;12.5;1.08;1.57;-6.76;28.58;14.12;-11.96;3.37;5.05;-3.22;4.8;-12.81;-1.66;7.4;3.14;-10.64;-5.89;0.17;9.03;11.86;-1.92;1.02;-8.51;6.82;4.69;-15.87;1.32;-30.1;19.96;0.73;7.39;7.71;3.3;11.23;-5.8;20.29;5.31;-14.18;-0.29;-3.21;-23.89;-13.86;0.13;8.01;0.66;4.67;-3.89;-7.5;-2.0;-5.58;1.3;1.34;13.62;6.32;12.28;-6.24;13.69;3.28;-5.92;-4.24;0.52;0.4;-3.22;-7.75;-0.63;10.05;-10.04;1.28;-10.84;-8.38;11.08;-14.0;3.08;17.43;5.95;1.26;-2.09;-2.81;5.19;10.74;-8.37;-7.08;-3.53;12.03;-4.88;-9.29;6.64;-6.0;-11.94;12.77;5.25;-17.75;13.11;-5.21;-17.06;6.72;-16.72;-12.78;2.31;1.85;-4.6;4.63;16.0;-3.69;-2.41;-2.58;1;-1;1;1;1;1;-1;-1;1;1;-1;1;1;1;1;1;1;-1;1;1;1;-1;1;1;1;-1;1;-1;-1;1;-1;1;1;-1;1;-1;1;-1;-1;1;-1;1;1;1;-1;1;1;-1;-1;-1;-1;-1;1;-1;1;-1;1;-1;1;-1;-1;1;1;1;-1;1;1;-1;1;-1;-1;-1;-1;1;1;1;-1;-1;1;-1;1;-1;1;1;-1;-1;-1;-1;1;1;1;1;1;1;-1;1;1;-1;-1;1;1;-1;1;1;-1;-1;-1;-1;1;-1;1;-1;1;-1;1;1;-1;-1;-1;-1;1;1;1;-1;-1;-1;-1;1;1;1;-1;1;1;-1;1;-1;1;1;-1;1;1;-1;1;-1;-1;1;-1;1;1;1;-1;1;1;1;-1;1;-1;1;-1;-1;1;1;1;1;-1;1;1;1;-1;-1;-1;-1;1;1;1;1;-1;-1;1;-1;1;1;-1;1;1;-1;-1;1;1;1;1;-1;1;1;-1;-1;-1;-1;1;1;1;-1;1;1;1;-1;-1;-1;-1;1;-1;1;1;-1;-1;-1;1;1;1;1;-1;1;1;-1;-1;-1;-1;-1;1;1;-1;-1;1;-1;1;1;1;1;1;1;1;1;1;-1;-1;-1;-1;-1;1;-1;False;False;False;False;False;False;False;False;False;False;False;False;False;False;False;False;False;False;False;False;False;False;False;False;False;False;False;False;False;False;False;False;False;False;False;False;False;False;False;False;False;False;False;False;False;False;False;False;False;False;False;False;False;False;False;False;False;False;False;False;False;False;False;False;False;False;False;False;False;False;False;False;False;False;False;False;False;False;False;False;False;False;False;False;False;False;False;False;False;False;False;False;False;False;False;False;False;False;False;False;False;False;False;False;False;False;False;False;False;False;False;False;False;False;False;False;False;False;False;False;False;False;False;False;False;False;False;False;False;False;False;False;False;False;False;False;False;False;False;False;False;False;False;False;False;False;False;False;False;False;False;False;False;False;False;False;False;False;False;False;False;False;False;False;False;False;False;False;False;False;False;False;False;False;False;False;False;False;False;False;False;False;False;False;False;False;False;False;False;False;False;False;False;False;False;False;False;False;False;False;False;False;False;False;False;False;False;False;False;False;False;False;False;False;False;False;False;False;False;False;False;False;False;False;False;False;False;False;False;False;False;False;False;False;False;False;False;False;False;False;False;False;False;False;False;False;False;False;False;False;0;0;0;138;-17170.112601786383;7.77;8.028165102005005
190;-6.77;-1.92;-12.94;-3.68;-11.36;13.22;2.65;-8.83;14.86;-1.38;-6.58;3.13;-5.56;-0.79;0.58;-4.79;3.97;-19.9;-11.55;1.87;-3.25;14.67;8.56;20.87;9.07;13.11;20.26;3.73;4.05;-8.56;11.39;-9.02;13.62;16.49;7.69;6.81;0.86;-2.23;1.37;4.28;0.1;-3.24;-24.1;3.89;4.09;-3.37;-17.6;-4.7;-7.15;6.05;-5.54;9.09;-2.31;-0.83;3.09;6.74;0.04;-2.22;2.61;6.45;6.89;5.11;8.61;19.95;-5.34;8.91;-15.77;-10.05;8.1;1.99;8.7;-10.32;6.48;2.56;-7.57;-0.57;-0.01;-5.12;-0.54;8.42;-11.49;-0.69;-11.41;-6.72;-2.5;-7.23;9.73;7.95;-1.07;-12.11;-11.76;-2.4;13.4;3.99;-0.81;0.62;-14.78;-8.34;-3.53;11.27;3.5;0.08;8.28;10.26;-17.19;-3.19;-19.03;-14.89;-3.35;14.96;-25.61;0.16;1.04;5.35;-3.46;-8.59;9.71;8.01;3.67;-7.56;-10.22;-12.51;3.3;-7.91;-2.07;3.77;-7.0;-2.67;9.83;4.04;-22.38;-8.0;-1.44;-4.54;-2.79;-4.96;-7.32;14.51;-7.69;8.37;0.11;-6.1;-10.44;-1.02;8.06;-4.59;-4.87;-2.31;6.12;-10.53;-9.75;-3.93;3.71;-6.93;-13.08;10.98;-3.37;-9.17;-10.0;-0.16;-14.44;6.19;-5.79;-24.46;2.33;-14.06;-13.55;0.29;-11.34;3.56;-0.46;1.47;36.85;-8.11;14.53;-10.97;-3.98;-7.01;6.92;12.4;-8.38;-9.55;-14.33;-10.0;0.26;-4.09;10.68;10.05;-4.55;-2.14;25.87;5.31;1.18;-1.8;0.23;-24.02;-11.4;4.25;1.01;2.64;-13.36;5.09;1.73;14.97;2.33;4.17;2.09;-8.21;0.55;7.4;11.54;-9.44;-11.74;5.89;-0.71;-7.67;5.66;-8.5;3.02;-3.1;-22.34;-9.79;-11.22;-7.74;-17.82;-1.54;4.72;-10.43;3.45;6.32;-2.48;-0.91;7.3;6.55;-7.37;-10.47;11.62;-0.38;-6.08;-18.68;-11.09;-22.18;-13.09;8.0;6.26;-7.23;-9.02;7.06;2.8;-10.97;1;-1;1;1;1;1;-1;-1;1;1;-1;1;1;1;1;1;1;-1;1;1;1;-1;1;1;1;-1;1;-1;-1;1;-1;1;1;-1;1;-1;1;-1;-1;1;-1;1;1;1;-1;1;1;-1;-1;-1;-1;-1;1;-1;1;-1;1;-1;1;-1;-1;1;1;1;-1;1;1;-1;1;-1;-1;-1;-1;1;1;1;-1;-1;1;-1;1;-1;1;1;-1;-1;-1;-1;1;1;1;1;1;1;-1;1;1;-1;-1;1;1;-1;1;1;-1;-1;-1;-1;1;-1;1;-1;1;-1;1;1;-1;-1;-1;-1;1;1;1;-1;-1;-1;-1;1;1;1;-1;1;1;-1;1;-1;1;1;-1;1;1;-1;1;-1;-1;1;-1;1;1;1;-1;1;1;1;-1;1;-1;1;-1;-1;1;1;1;1;-1;1;1;1;-1;-1;-1;-1;1;1;1;1;-1;-1;1;-1;1;1;1;1;1;-1;-1;1;1;1;1;-1;1;1;-1;-1;-1;-1;1;1;1;-1;1;1;1;-1;-1;-1;-1;1;-1;1;1;-1;-1;-1;1;1;1;1;-1;1;1;-1;-1;-1;-1;-1;1;1;-1;-1;1;-1;1;1;1;1;1;1;1;1;1;-1;-1;-1;-1;-1;1;-1;False;False;False;False;False;False;False;False;False;False;False;False;False;False;False;False;False;False;False;False;False;False;False;False;False;False;False;False;False;False;False;False;False;False;False;False;False;False;False;False;False;False;False;False;False;False;False;False;False;False;False;False;False;False;False;False;False;False;False;False;False;False;False;False;False;False;False;False;False;False;False;False;False;False;False;False;False;False;False;False;False;False;False;False;False;False;False;False;False;False;False;False;False;False;False;False;False;False;False;False;False;False;False;False;False;False;False;False;False;False;False;False;False;False;False;False;False;False;False;False;False;False;False;False;False;False;False;False;False;False;False;False;False;False;False;False;False;False;False;False;False;False;False;False;False;False;False;False;False;False;False;False;False;False;False;False;False;False;False;False;False;False;False;False;False;False;False;False;False;False;False;False;False;False;False;False;False;False;False;False;False;False;False;False;False;False;False;False;False;False;False;False;False;False;False;False;False;False;False;False;False;False;False;False;False;False;False;False;False;False;False;False;False;False;False;False;False;False;False;False;False;False;False;False;False;False;False;False;False;False;False;False;False;False;False;False;False;False;False;False;False;False;False;False;False;False;False;False;False;False;0;0;0;139;-17162.64885912943;6.56;6.805976629257202
191;-7.71;2.33;1.59;-1.49;15.74;-5.6;4.96;-4.85;-2.69;-9.16;-5.12;9.15;-6.64;13.38;6.18;15.08;-14.03;-3.01;15.76;-9.16;1.34;-16.77;-23.34;10.62;-4.98;15.9;-1.2;5.44;2.08;-5.31;11.4;5.97;-1.2;8.57;8.84;3.8;-25.68;-4.82;11.67;-11.78;-24.2;12.35;-19.16;-14.3;-3.24;-0.69;1.59;18.66;7.17;21.53;-0.89;14.93;7.48;-2.01;0.15;-7.22;-1.18;9.54;-3.45;9.5;-1.28;12.75;3.01;4.77;-12.87;14.99;4.65;12.85;-4.91;8.12;-10.74;11.95;4.56;-15.21;-9.01;2.7;-2.89;8.86;8.75;3.21;1.94;5.93;5.13;-0.76;-15.37;-11.36;-5.01;-3.23;7.94;-5.78;-19.61;17.62;-5.5;17.91;16.93;8.37;-29.64;2.87;1.32;5.58;3.54;-5.17;-7.07;10.95;-25.26;-17.7;-2.75;2.02;0.56;12.3;-0.7;-9.77;19.74;-0.31;1.45;4.97;5.74;-4.63;-12.6;-11.71;-8.38;15.01;1.63;-0.57;3.78;-1.13;3.25;3.05;7.79;-20.4;9.39;-1.32;-0.45;8.28;0.98;11.28;3.99;-25.86;-2.43;2.2;1.07;8.5;7.29;10.6;16.68;-5.48;-5.25;-4.64;7.13;1.83;-0.5;4.54;5.81;9.65;-2.35;3.29;0.08;-0.59;-2.71;4.55;-6.62;-9.63;-0.06;3.43;-1.06;-8.11;13.13;-21.28;-6.05;-5.82;11.09;4.64;15.25;14.51;1.91;-1.78;-20.65;3.3;10.31;16.44;6.0;15.07;5.48;-3.52;-24.06;-4.71;-33.41;5.11;-8.93;3.99;-3.37;-9.87;6.98;-0.22;-14.83;-1.45;-21.58;-10.67;0.93;3.18;2.17;-3.44;-4.18;-10.41;-8.77;7.46;11.84;-1.15;2.26;-23.43;-5.67;13.88;-0.57;4.22;1.38;1.15;14.77;10.8;-9.08;-1.28;6.8;-5.1;-14.91;-6.46;-14.38;27.67;4.25;4.82;9.3;-7.46;-8.14;0.78;-0.02;-7.41;7.05;-15.71;-11.77;-6.54;-10.6;12.92;-0.13;9.16;2.45;8.59;16.97;1.61;12.95;0.29;-6.59;-1.09;1;-1;1;1;1;1;-1;-1;1;1;-1;1;1;1;1;1;1;-1;1;1;1;-1;1;1;1;-1;1;-1;-1;1;-1;1;1;-1;1;-1;1;-1;-1;1;-1;1;1;1;-1;1;1;-1;-1;-1;-1;-1;1;-1;1;-1;1;-1;1;-1;-1;1;1;1;-1;1;1;-1;1;-1;-1;-1;-1;1;1;1;-1;-1;1;-1;1;-1;1;1;-1;-1;-1;-1;1;1;1;1;1;1;-1;1;1;-1;-1;1;1;-1;1;1;-1;-1;-1;-1;1;-1;1;-1;1;-1;1;1;-1;-1;-1;-1;1;1;1;-1;-1;-1;-1;1;1;1;-1;1;1;-1;1;-1;1;1;-1;1;1;-1;1;-1;-1;1;-1;1;1;1;-1;1;1;1;-1;1;-1;1;-1;-1;1;1;1;1;-1;1;1;1;-1;-1;-1;-1;1;1;1;1;-1;-1;1;-1;1;1;1;1;1;-1;-1;1;1;1;1;-1;1;1;-1;-1;-1;-1;1;1;1;-1;1;1;1;-1;-1;-1;-1;1;-1;1;1;-1;-1;-1;1;1;1;1;-1;1;1;-1;-1;-1;-1;-1;1;1;-1;-1;1;-1;1;1;1;1;1;1;1;1;1;-1;-1;-1;-1;-1;1;-1;False;False;False;False;False;False;False;False;False;False;False;False;False;False;False;False;False;False;False;False;False;False;False;False;False;False;False;False;False;False;False;False;False;False;False;False;False;False;False;False;False;False;False;False;False;False;False;False;False;False;False;False;False;False;False;False;False;False;False;False;False;False;False;False;False;False;False;False;False;False;False;False;False;False;False;False;False;False;False;False;False;False;False;False;False;False;False;False;False;False;False;False;False;False;False;False;False;False;False;False;False;False;False;False;False;False;False;False;False;False;False;False;False;False;False;False;False;False;False;False;False;False;False;False;False;False;False;False;False;False;False;False;False;False;False;False;False;False;False;False;False;False;False;False;False;False;False;False;False;False;False;False;False;False;False;False;False;False;False;False;False;False;False;False;False;False;False;False;False;False;False;False;False;False;False;False;False;False;False;False;False;False;False;False;False;False;False;False;False;False;False;False;False;False;False;False;False;False;False;False;False;False;False;False;False;False;False;False;False;False;False;False;False;False;False;False;False;False;False;False;False;False;False;False;False;False;False;False;False;False;False;False;False;False;False;False;False;False;False;False;False;False;False;False;False;False;False;False;False;False;0;0;0;139;-17174.918576157237;8.68;8.941683530807495
192;3.39;-14.45;0.82;1.4;1.89;-0.7;-19.98;-6.2;17.52;3.51;11.54;-15.24;-6.91;-12.19;-3.64;-4.6;-2.28;1.16;-25.36;6.33;-13.04;7.09;1.85;5.5;4.61;-6.08;9.79;2.78;-22.66;18.88;-2.56;1.98;7.01;9.84;-0.24;-14.58;-7.71;7.59;-10.32;17.67;11.35;4.04;3.12;16.96;-6.1;-8.2;-3.46;-4.47;23.94;4.37;16.39;5.81;-3.4;-1.96;-18.94;-7.65;-11.4;-7.05;-23.26;-3.29;-0.56;1.37;11.71;-1.92;-7.1;8.77;-3.04;-11.88;15.64;4.63;-15.15;-3.26;-5.59;-9.9;-9.73;7.66;10.85;-21.89;9.89;-14.75;0.99;-4.08;1.72;-4.61;11.38;-8.44;13.08;-11.69;-12.15;19.08;7.64;7.02;0.76;2.14;-21.7;-6.96;-5.98;6.34;-11.71;-6.42;4.51;15.58;14.5;-5.77;-2.48;-6.86;-4.71;5.51;-3.05;-1.25;-4.11;2.21;8.91;19.34;-11.74;5.76;5.56;7.84;4.39;9.69;-0.51;-5.35;7.22;9.9;-7.47;-2.59;-17.27;3.33;11.29;-13.15;-9.34;-1.58;8.88;4.61;4.57;4.78;-10.59;-18.37;5.04;-1.17;-5.82;6.07;12.03;4.28;8.75;-8.5;-5.78;0.42;-4.67;11.64;-3.03;2.89;-10.48;-5.21;-0.72;-2.95;19.54;-12.55;-1.03;-5.72;2.37;-5.3;-6.57;0.6;-1.77;7.61;-12.41;3.87;7.44;-18.29;16.63;-7.38;-12.95;-8.28;15.48;-5.95;-1.73;19.19;-4.8;-10.06;-9.49;3.93;-1.7;-9.58;1.95;-6.8;-3.38;-7.27;-4.72;-2.54;3.98;2.78;-5.98;15.09;2.9;-5.11;4.99;-14.66;18.48;8.44;0.03;14.99;8.66;14.59;0.46;8.11;-5.48;3.2;8.25;1.21;-2.14;1.64;14.79;-12.94;6.66;-4.02;-0.77;16.32;-8.63;-7.57;12.32;-1.57;-3.06;-9.97;5.89;11.63;7.82;5.7;7.11;7.54;-4.4;6.38;0.52;-11.55;-17.59;-5.51;1.54;2.01;-5.94;0.06;5.53;11.57;1.01;-16.05;15.28;-0.85;10.83;-5.02;-13.65;6.16;1;-1;1;1;1;1;-1;-1;1;1;-1;1;1;1;1;1;1;-1;1;1;1;-1;1;1;1;-1;1;-1;-1;1;-1;1;1;-1;1;-1;1;-1;-1;1;-1;1;1;1;-1;1;1;-1;-1;-1;-1;-1;1;-1;1;-1;1;-1;1;-1;-1;1;1;1;-1;1;1;-1;1;-1;-1;-1;-1;1;1;1;-1;-1;1;-1;1;-1;1;1;-1;-1;-1;-1;1;1;1;1;1;1;-1;1;1;-1;-1;1;1;-1;1;1;-1;-1;-1;-1;1;-1;1;-1;1;-1;1;1;-1;-1;-1;-1;1;1;1;-1;-1;-1;-1;1;1;1;-1;1;1;-1;1;-1;1;1;-1;1;1;-1;1;-1;-1;1;-1;1;1;1;-1;1;1;1;-1;1;-1;1;-1;-1;1;1;1;1;-1;1;1;1;-1;-1;-1;-1;1;1;1;1;-1;-1;1;-1;1;1;-1;1;1;-1;-1;1;1;1;1;-1;1;1;-1;-1;-1;-1;1;1;1;-1;1;1;1;-1;-1;-1;-1;1;-1;1;1;-1;-1;-1;1;1;1;1;-1;1;1;-1;-1;-1;-1;-1;1;1;-1;-1;1;-1;1;1;1;1;1;1;1;1;1;-1;-1;-1;-1;-1;1;-1;False;False;False;False;False;False;False;False;False;False;False;False;False;False;False;False;False;False;False;False;False;False;False;False;False;False;False;False;False;False;False;False;False;False;False;False;False;False;False;False;False;False;False;False;False;False;False;False;False;False;False;False;False;False;False;False;False;False;False;False;False;False;False;False;False;False;False;False;False;False;False;False;False;False;False;False;False;False;False;False;False;False;False;False;False;False;False;False;False;False;False;False;False;False;False;False;False;False;False;False;False;False;False;False;False;False;False;False;False;False;False;False;False;False;False;False;False;False;False;False;False;False;False;False;False;False;False;False;False;False;False;False;False;False;False;False;False;False;False;False;False;False;False;False;False;False;False;False;False;False;False;False;False;False;False;False;False;False;False;False;False;False;False;False;False;False;False;False;False;False;False;False;False;False;False;False;False;False;False;False;False;False;False;False;False;False;False;False;False;False;False;False;False;False;False;False;False;False;False;False;False;False;False;False;False;False;False;False;False;False;False;False;False;False;False;False;False;False;False;False;False;False;False;False;False;False;False;False;False;False;False;False;False;False;False;False;False;False;False;False;False;False;False;False;False;False;False;False;False;False;0;0;0;138;-17161.27380196583;7.8;8.058400392532349
193;-27.95;7.87;-18.48;-9.91;5.8;4.22;6.81;10.13;10.85;5.14;6.18;15.63;8.46;-6.82;2.19;4.19;-7.22;11.52;-1.79;-2.22;-12.07;3.89;2.92;3.21;12.13;1.4;15.57;4.88;1.85;5.19;-9.88;5.63;11.15;-3.63;0.17;8.74;1.86;-5.64;11.94;7.7;1.98;-5.19;2.57;-2.52;-3.03;-6.37;4.02;-14.72;-16.29;2.83;-5.68;-26.94;11.47;-13.88;-11.54;15.81;-8.6;-4.7;8.17;-14.05;7.64;7.83;-5.77;16.13;-2.76;13.88;-18.14;-3.9;5.59;8.52;12.94;-7.72;-5.29;14.86;4.37;-12.79;11.56;3.29;0.46;12.72;-10.28;-7.8;5.05;0.87;11.34;0.88;-5.45;12.57;9.94;-7.39;12.51;27.75;-13.39;10.28;14.39;-5.18;7.75;4.82;-3.89;7.32;-7.94;13.56;-4.86;8.81;8.59;4.84;-10.37;18.0;-3.25;-8.92;-10.51;-3.39;16.66;18.63;-12.99;-11.32;-6.73;-0.92;2.83;1.8;-4.4;-5.92;-11.53;-1.9;-0.16;-0.34;19.87;-3.23;-13.94;-8.36;23.47;-8.89;15.09;15.49;-2.8;8.79;11.76;-3.58;-12.53;-8.1;-24.99;-10.43;16.12;-10.05;-12.06;4.31;9.06;-3.0;-1.04;13.48;-8.88;4.72;-10.26;11.41;13.46;6.88;0.56;16.28;10.76;-13.78;-8.5;-0.14;-7.69;3.85;18.1;-17.09;6.19;-7.7;10.35;-15.24;-14.81;-3.28;9.47;9.89;-9.92;-1.31;21.54;15.8;-2.82;13.5;18.64;11.87;7.43;-7.38;-9.11;2.77;-1.65;13.72;11.25;10.42;-5.64;16.28;1.96;18.75;-6.96;11.87;0.2;9.79;-3.99;-1.97;7.51;-3.23;-5.41;6.64;24.42;9.33;11.79;-12.6;24.0;7.43;-2.51;13.98;0.91;0.81;11.0;8.07;2.8;-7.08;-13.28;1.89;-11.76;-15.14;-14.94;-2.44;-8.76;-16.78;6.72;4.72;-12.51;2.82;3.47;-1.64;-12.57;3.89;-5.45;-3.14;9.36;7.53;9.95;4.09;11.2;-3.41;13.7;16.01;1.66;8.86;-13.85;-5.09;-6.64;-8.68;1;-1;1;1;1;1;-1;-1;1;1;-1;1;1;1;1;1;1;-1;1;1;1;-1;1;1;1;-1;1;-1;-1;1;-1;1;1;-1;1;-1;1;-1;-1;1;-1;1;1;1;-1;1;1;-1;-1;-1;-1;-1;1;-1;1;-1;1;-1;1;-1;-1;1;1;1;-1;1;1;-1;1;-1;-1;-1;-1;1;1;1;-1;-1;1;-1;1;-1;1;1;-1;-1;-1;-1;1;1;1;1;1;1;-1;1;1;-1;-1;1;1;-1;1;1;-1;-1;-1;-1;1;-1;1;-1;1;-1;1;1;-1;-1;-1;-1;1;1;1;-1;-1;-1;-1;1;1;1;-1;1;1;-1;1;-1;1;1;-1;1;1;-1;1;-1;-1;1;-1;1;1;1;-1;1;1;1;-1;1;-1;1;-1;-1;1;1;1;1;-1;1;1;1;-1;-1;-1;-1;1;1;1;1;-1;-1;1;-1;1;1;1;1;1;-1;-1;1;1;1;1;-1;1;1;-1;-1;-1;-1;1;1;1;-1;1;1;1;-1;-1;-1;-1;1;-1;1;1;-1;-1;-1;1;1;1;1;-1;1;1;-1;-1;-1;-1;-1;1;1;-1;-1;1;-1;1;1;1;1;1;1;1;1;1;-1;-1;-1;-1;-1;1;-1;False;False;False;False;False;False;False;False;False;False;False;False;False;False;False;False;False;False;False;False;False;False;False;False;False;False;False;False;False;False;False;False;False;False;False;False;False;False;False;False;False;False;False;False;False;False;False;False;False;False;False;False;False;False;False;False;False;False;False;False;False;False;False;False;False;False;False;False;False;False;False;False;False;False;False;False;False;False;False;False;False;False;False;False;False;False;False;False;False;False;False;False;False;False;False;False;False;False;False;False;False;False;False;False;False;False;False;False;False;False;False;False;False;False;False;False;False;False;False;False;False;False;False;False;False;False;False;False;False;False;False;False;False;False;False;False;False;False;False;False;False;False;False;False;False;False;False;False;False;False;False;False;False;False;False;False;False;False;False;False;False;False;False;False;False;False;False;False;False;False;False;False;False;False;False;False;False;False;False;False;False;False;False;False;False;False;False;False;False;False;False;False;False;False;False;False;False;False;False;False;False;False;False;False;False;False;False;False;False;False;False;False;False;False;False;False;False;False;False;False;False;False;False;False;False;False;False;False;False;False;False;False;False;False;False;False;False;False;False;False;False;False;False;False;False;False;False;False;False;False;0;0;0;139;-17175.056463069297;6.63;6.876864433288574
194;2.01;-2.3;-8.37;-0.81;0.51;-6.53;-14.9;0.99;5.94;-20.59;4.55;16.17;-21.0;12.44;3.37;-0.28;-8.93;-14.98;-19.46;5.67;5.3;5.64;-0.51;-9.66;-0.92;-8.98;-9.41;1.3;7.29;10.63;-3.0;-6.43;0.23;-1.6;6.99;32.63;-5.62;-8.2;-8.4;11.3;0.36;-24.89;16.46;-1.29;-8.79;-9.1;3.69;7.73;-3.77;-13.79;1.34;2.54;12.25;-5.45;1.45;-1.81;-5.6;-0.35;10.83;-13.92;-3.47;-16.55;0.66;-30.82;13.32;14.82;-1.01;-4.98;-2.01;-12.66;0.89;-4.9;3.21;-5.56;6.43;15.05;-3.57;-9.09;-13.95;1.46;-3.69;0.95;-20.61;0.26;7.83;1.59;8.57;-9.32;-4.63;15.05;-9.27;-9.44;3.16;16.89;-6.15;4.57;-3.73;-0.01;-7.58;9.92;7.41;5.51;1.41;19.84;2.75;-0.02;-1.8;-3.52;6.53;7.82;15.36;-18.52;-4.12;-17.04;2.28;12.6;-1.15;3.23;-9.34;-1.1;0.97;1.65;18.2;8.82;-11.65;4.31;15.93;19.3;-5.55;-3.72;3.27;9.97;12.46;-38.95;11.03;7.1;10.43;8.42;6.08;4.29;-5.42;21.13;7.06;15.39;2.09;7.5;-10.84;9.18;-8.69;-4.36;-5.04;-6.05;-0.54;13.96;1.68;-1.24;21.4;-1.55;-9.48;-15.61;-10.31;10.75;-19.07;7.28;11.67;7.39;10.88;-8.31;2.68;-0.43;10.3;2.53;4.83;19.25;3.58;-2.07;3.79;-1.95;3.76;5.49;1.56;20.88;18.46;-19.76;6.35;6.34;-18.35;-6.07;11.4;2.9;-5.67;2.34;-9.73;-12.44;-6.03;-18.79;8.03;-1.5;5.31;-6.67;-9.15;11.45;-2.53;-16.68;-20.32;11.65;-3.98;4.31;7.92;-2.82;2.17;-0.06;13.7;-12.94;-6.54;17.31;-11.03;-6.59;9.06;-25.67;2.45;-2.23;-5.61;6.72;-8.36;-13.16;-0.98;-13.57;-2.09;-4.01;0.52;-3.45;13.54;11.18;1.98;11.18;-8.6;-9.02;6.45;-15.21;-5.86;-6.73;-2.0;-21.97;-12.78;21.01;3.24;-18.62;4.85;7.9;1;-1;1;1;1;1;-1;-1;1;1;-1;1;1;1;1;1;1;-1;1;1;1;-1;1;1;1;-1;1;-1;-1;1;-1;1;1;-1;1;-1;1;-1;-1;1;-1;1;1;1;-1;1;1;-1;-1;-1;-1;-1;1;-1;1;-1;1;-1;1;-1;-1;1;1;1;-1;1;1;-1;1;-1;-1;-1;-1;1;1;1;-1;-1;1;-1;1;-1;1;1;-1;-1;-1;-1;1;1;1;1;1;1;-1;1;1;-1;-1;1;1;-1;1;1;-1;-1;-1;-1;1;-1;1;-1;1;-1;1;1;-1;-1;-1;-1;1;1;1;-1;-1;-1;-1;1;1;1;-1;1;1;-1;1;-1;1;1;-1;1;1;-1;1;-1;-1;1;-1;1;1;1;-1;1;1;1;-1;1;-1;1;-1;-1;1;1;1;1;-1;1;1;1;-1;-1;-1;-1;1;1;1;1;-1;-1;1;-1;1;1;1;1;1;-1;-1;1;1;1;1;-1;1;1;-1;-1;-1;-1;1;1;1;-1;1;1;1;-1;-1;-1;-1;1;-1;1;1;-1;-1;-1;1;1;1;1;-1;1;1;-1;-1;-1;-1;-1;1;1;-1;-1;1;-1;1;1;1;1;1;1;1;1;1;-1;-1;-1;-1;-1;1;-1;False;False;False;False;False;False;False;False;False;False;False;False;False;False;False;False;False;False;False;False;False;False;False;False;False;False;False;False;False;False;False;False;False;False;False;False;False;False;False;False;False;False;False;False;False;False;False;False;False;False;False;False;False;False;False;False;False;False;False;False;False;False;False;False;False;False;False;False;False;False;False;False;False;False;False;False;False;False;False;False;False;False;False;False;False;False;False;False;False;False;False;False;False;False;False;False;False;False;False;False;False;False;False;False;False;False;False;False;False;False;False;False;False;False;False;False;False;False;False;False;False;False;False;False;False;False;False;False;False;False;False;False;False;False;False;False;False;False;False;False;False;False;False;False;False;False;False;False;False;False;False;False;False;False;False;False;False;False;False;False;False;False;False;False;False;False;False;False;False;False;False;False;False;False;False;False;False;False;False;False;False;False;False;False;False;False;False;False;False;False;False;False;False;False;False;False;False;False;False;False;False;False;False;False;False;False;False;False;False;False;False;False;False;False;False;False;False;False;False;False;False;False;False;False;False;False;False;False;False;False;False;False;False;False;False;False;False;False;False;False;False;False;False;False;False;False;False;False;False;False;0;0;0;139;-17171.42992897274;9.76;10.01954960823059
195;9.05;-1.55;-18.67;17.81;1.75;16.55;11.61;-0.26;-17.8;5.12;-3.22;2.72;17.62;3.66;-4.71;-11.03;2.86;-2.37;5.4;6.41;-4.79;5.55;15.52;24.47;10.19;-13.27;5.43;-7.76;3.29;-12.03;-6.08;-1.33;0.49;-23.83;0.1;-7.53;-3.75;-17.61;-1.59;-15.31;-4.16;12.44;15.44;-7.73;-4.67;6.52;-11.33;1.41;-19.44;3.13;0.57;-8.79;3.07;18.28;7.95;-3.99;15.78;12.52;6.67;-9.98;11.27;12.22;0.8;-24.31;-10.31;3.61;10.69;-2.06;9.43;6.03;24.4;-12.3;-8.84;17.49;2.87;6.73;-8.48;-14.28;-13.09;21.03;-9.4;2.9;28.32;-0.77;8.44;6.43;-11.04;-15.68;-7.53;-1.35;-2.4;12.17;-2.78;12.46;-7.16;-11.01;-12.83;-6.66;0.18;-2.4;10.08;20.07;17.72;17.28;-0.18;10.01;7.74;-12.56;4.2;17.44;-0.97;13.58;17.24;-16.36;28.35;-1.12;11.69;-4.84;-1.77;-3.96;5.93;10.88;-2.43;-6.19;5.73;-10.65;-12.72;14.37;-9.41;3.54;-19.06;-19.02;-4.67;-8.51;14.16;-12.67;5.82;-7.76;-2.34;2.64;6.36;9.4;-0.75;-9.67;-8.2;2.79;-4.26;-12.83;-6.6;8.29;-12.94;-17.58;-22.05;-8.56;5.38;6.83;-4.34;5.12;-0.0;-15.44;-12.2;-8.48;-2.8;1.9;-11.41;5.58;9.78;5.7;1.28;-2.18;-7.43;17.24;3.17;2.73;-10.2;-10.98;3.8;-3.49;-20.08;14.63;3.99;-3.51;4.12;-18.49;1.28;2.85;6.05;-2.19;-2.08;-12.89;-21.35;-18.38;0.21;-8.65;-3.66;-3.41;-6.53;7.33;-4.83;11.99;16.26;7.62;-4.54;3.62;1.13;15.85;-25.71;-0.41;-6.91;1.88;-2.46;-5.37;14.8;4.0;-19.8;14.25;11.0;-4.91;3.34;15.25;-9.87;-9.59;5.3;-15.18;-12.81;0.79;-14.62;5.84;-7.02;10.68;-11.97;15.57;-0.74;-1.02;-1.01;2.53;17.88;-9.12;30.45;-14.04;-8.5;-18.88;-16.56;2.18;-4.87;7.33;0.57;2.28;-0.74;-8.03;1;-1;1;1;1;1;-1;-1;1;1;-1;1;1;1;1;1;1;-1;1;1;1;-1;1;1;1;-1;1;-1;-1;1;-1;1;1;-1;1;-1;1;-1;-1;1;-1;1;1;1;-1;1;1;-1;-1;-1;-1;-1;1;-1;1;-1;1;-1;1;-1;-1;1;1;1;-1;1;1;-1;1;-1;-1;-1;-1;1;1;1;-1;-1;1;-1;1;-1;1;1;-1;-1;-1;-1;1;1;1;1;1;1;-1;1;1;-1;-1;1;1;-1;1;1;-1;-1;-1;-1;1;-1;1;-1;1;-1;1;1;-1;-1;-1;-1;1;1;1;-1;-1;-1;-1;1;1;1;-1;1;1;-1;1;-1;1;1;-1;1;1;-1;1;-1;-1;1;-1;1;1;1;-1;1;1;1;-1;1;-1;1;-1;-1;1;1;1;1;-1;1;1;1;-1;-1;-1;-1;1;1;1;1;-1;-1;1;-1;1;1;-1;1;1;-1;-1;1;1;1;1;-1;1;1;-1;-1;-1;-1;1;1;1;-1;1;1;1;-1;-1;-1;-1;1;-1;1;1;-1;-1;-1;1;1;1;1;-1;1;1;-1;-1;-1;-1;-1;1;1;-1;-1;1;-1;1;1;1;1;1;1;1;1;1;-1;-1;-1;-1;-1;1;-1;False;False;False;False;False;False;False;False;False;False;False;False;False;False;False;False;False;False;False;False;False;False;False;False;False;False;False;False;False;False;False;False;False;False;False;False;False;False;False;False;False;False;False;False;False;False;False;False;False;False;False;False;False;False;False;False;False;False;False;False;False;False;False;False;False;False;False;False;False;False;False;False;False;False;False;False;False;False;False;False;False;False;False;False;False;False;False;False;False;False;False;False;False;False;False;False;False;False;False;False;False;False;False;False;False;False;False;False;False;False;False;False;False;False;False;False;False;False;False;False;False;False;False;False;False;False;False;False;False;False;False;False;False;False;False;False;False;False;False;False;False;False;False;False;False;False;False;False;False;False;False;False;False;False;False;False;False;False;False;False;False;False;False;False;False;False;False;False;False;False;False;False;False;False;False;False;False;False;False;False;False;False;False;False;False;False;False;False;False;False;False;False;False;False;False;False;False;False;False;False;False;False;False;False;False;False;False;False;False;False;False;False;False;False;False;False;False;False;False;False;False;False;False;False;False;False;False;False;False;False;False;False;False;False;False;False;False;False;False;False;False;False;False;False;False;False;False;False;False;False;0;0;0;138;-17182.74110290975;7.15;7.40918755531311
196;-0.43;-0.53;-13.67;-11.6;5.86;1.61;1.01;-4.96;-13.9;0.58;-12.74;3.48;9.98;2.45;-4.52;8.01;-7.42;-15.32;14.39;-10.4;-4.61;4.56;-6.01;-8.97;-0.23;3.23;20.99;7.93;7.86;10.51;-7.77;7.12;0.05;-8.43;5.72;-26.61;-5.16;-5.58;-12.67;-6.45;-2.55;-15.45;5.64;5.59;7.78;10.58;3.51;4.74;7.35;7.33;13.73;-3.15;12.57;-5.17;3.12;7.28;-9.73;19.4;-3.0;-4.8;-11.93;-3.23;-0.84;1.57;-4.46;-8.28;5.21;10.15;-12.59;-0.39;-15.69;-10.87;0.04;-15.84;-11.9;-3.63;-10.71;-15.15;3.69;4.4;11.24;5.8;0.59;-4.12;3.21;14.36;7.64;3.12;-3.28;1.16;4.66;16.89;-0.02;2.93;-10.25;21.75;1.63;10.65;4.94;13.04;15.7;0.29;-5.11;-0.53;11.7;2.73;-8.25;5.84;-2.27;5.44;12.5;-3.62;1.89;7.13;-9.47;-0.12;14.56;-3.23;7.03;19.17;-0.72;-16.62;-6.35;-15.36;-0.65;-15.53;1.07;19.35;3.04;2.97;-6.22;26.05;6.78;-12.67;12.47;3.09;-4.68;6.92;9.75;0.61;8.97;1.82;-20.9;-23.52;-8.44;5.26;3.59;15.89;0.67;7.52;15.24;2.77;-10.24;8.96;18.48;-12.79;-8.87;-23.93;8.81;7.04;-6.27;-5.87;-9.62;-7.12;-7.6;-1.32;-1.28;4.93;6.72;1.51;6.82;-0.06;-7.17;-3.47;16.17;-23.78;10.01;12.08;-9.98;3.86;-8.69;5.11;4.1;0.41;-0.43;-7.74;5.63;1.6;-17.67;26.44;-8.78;21.23;-1.89;-4.99;-17.16;3.68;3.64;-8.12;-2.4;1.35;-14.24;3.53;1.36;13.57;-4.07;8.96;-8.04;-3.39;-8.79;-7.51;5.06;-11.39;-3.79;-5.41;-9.11;-15.63;-14.51;-10.61;-7.12;-5.35;19.25;10.71;-6.42;-5.7;-0.56;6.58;-12.88;8.13;3.17;-0.21;20.13;2.69;12.62;0.25;1.15;-3.24;10.77;1.64;-6.71;14.39;-14.53;-7.88;3.75;-12.42;0.79;-11.41;-4.38;0.99;4.55;5.28;1;-1;1;1;1;1;-1;-1;1;1;-1;1;1;1;1;1;1;-1;1;1;1;-1;1;1;1;-1;1;-1;-1;1;-1;1;1;-1;1;-1;1;-1;-1;1;-1;1;1;1;-1;1;1;-1;-1;-1;-1;-1;1;-1;1;-1;1;-1;1;-1;-1;1;1;1;-1;1;1;-1;1;-1;-1;-1;-1;1;1;1;-1;-1;1;-1;1;-1;1;1;-1;-1;-1;-1;1;1;1;1;1;1;-1;1;1;-1;-1;1;1;-1;1;1;-1;-1;-1;-1;1;-1;1;-1;1;-1;1;1;-1;-1;-1;-1;1;1;1;-1;-1;-1;-1;1;1;1;-1;1;1;-1;1;-1;1;1;-1;1;1;-1;1;-1;-1;1;-1;1;1;1;-1;1;1;1;-1;1;-1;1;-1;-1;1;1;1;1;-1;1;1;1;-1;-1;-1;-1;1;1;1;1;-1;-1;1;-1;1;1;1;1;1;-1;-1;1;1;1;1;-1;1;1;-1;-1;-1;-1;1;1;1;-1;1;1;1;-1;-1;-1;-1;1;-1;1;1;-1;-1;-1;1;1;1;1;-1;1;1;-1;-1;-1;-1;-1;1;1;-1;-1;1;-1;1;1;1;1;1;1;1;1;1;-1;-1;-1;-1;-1;1;-1;False;False;False;False;False;False;False;False;False;False;False;False;False;False;False;False;False;False;False;False;False;False;False;False;False;False;False;False;False;False;False;False;False;False;False;False;False;False;False;False;False;False;False;False;False;False;False;False;False;False;False;False;False;False;False;False;False;False;False;False;False;False;False;False;False;False;False;False;False;False;False;False;False;False;False;False;False;False;False;False;False;False;False;False;False;False;False;False;False;False;False;False;False;False;False;False;False;False;False;False;False;False;False;False;False;False;False;False;False;False;False;False;False;False;False;False;False;False;False;False;False;False;False;False;False;False;False;False;False;False;False;False;False;False;False;False;False;False;False;False;False;False;False;False;False;False;False;False;False;False;False;False;False;False;False;False;False;False;False;False;False;False;False;False;False;False;False;False;False;False;False;False;False;False;False;False;False;False;False;False;False;False;False;False;False;False;False;False;False;False;False;False;False;False;False;False;False;False;False;False;False;False;False;False;False;False;False;False;False;False;False;False;False;False;False;False;False;False;False;False;False;False;False;False;False;False;False;False;False;False;False;False;False;False;False;False;False;False;False;False;False;False;False;False;False;False;False;False;False;False;0;0;0;139;-17164.061506815848;7.8;8.055871963500977
197;4.92;12.68;13.11;-9.63;-12.18;-1.5;-2.15;-7.79;16.27;0.85;19.44;-26.1;-8.04;-1.87;-14.17;7.59;15.32;-4.1;-13.26;-1.53;17.0;2.38;2.79;-1.53;2.81;-13.54;-4.33;4.86;19.09;-4.84;-14.88;-11.67;-11.32;39.47;-6.45;-20.92;3.89;10.69;-5.09;-8.1;-11.1;-12.89;-0.89;1.72;8.88;2.5;2.16;10.15;-5.22;10.98;-8.59;12.42;11.18;-6.49;-5.3;8.58;-5.05;-5.14;-6.58;-4.98;1.83;-1.52;-17.42;7.12;2.24;-5.49;3.28;21.2;6.36;2.71;-3.95;-7.48;-1.06;0.82;13.57;6.26;-9.13;-11.24;2.26;6.48;-10.93;4.0;22.5;-1.24;5.45;-9.94;12.51;-2.37;-8.88;-11.04;0.57;-11.56;-22.35;20.56;3.26;10.45;5.28;12.22;-7.96;-2.53;-10.31;-9.68;-15.54;9.76;5.06;17.33;-12.71;4.77;1.95;-10.09;-0.41;24.95;-8.28;6.25;7.79;6.19;12.25;-5.9;3.46;8.45;-12.55;1.27;-3.36;-7.79;10.64;-11.89;-3.93;-1.62;-2.48;10.43;-25.67;4.52;14.69;1.8;9.99;9.5;-1.62;9.73;-8.38;5.09;12.32;24.49;-22.3;8.33;18.39;5.56;-9.6;6.69;10.05;14.53;-4.02;-19.41;-2.38;-0.77;-12.82;-9.02;-9.49;-10.88;4.69;0.59;4.48;2.69;-9.92;-5.75;1.72;-4.57;-10.24;-9.15;3.19;-3.8;1.49;-0.15;1.42;1.66;-6.99;9.14;3.35;-18.7;1.74;-3.23;11.76;-4.02;6.98;2.37;3.92;2.95;8.24;7.53;2.59;5.03;4.78;7.67;-1.28;7.69;-9.62;-15.73;1.38;-16.26;-8.8;-2.11;-3.72;-0.45;4.11;-10.35;0.96;-12.12;9.52;-13.17;-10.66;23.88;3.83;10.03;-9.54;13.22;3.41;-2.68;-9.97;-10.64;-12.01;-2.91;4.01;15.37;12.17;3.16;-5.98;-0.98;-12.74;0.91;-15.4;1.02;18.44;-6.97;11.46;21.45;-19.08;-10.12;-6.9;3.86;-8.85;-14.4;1.64;-4.86;2.94;2.26;-3.47;5.8;-2.78;-20.5;13.51;-3.42;1;-1;1;1;1;1;-1;-1;1;1;-1;1;1;1;1;1;1;-1;1;1;1;-1;1;1;1;-1;1;-1;-1;1;-1;1;1;-1;1;-1;1;-1;-1;1;-1;1;1;1;-1;1;1;-1;-1;-1;-1;-1;1;-1;1;-1;1;-1;1;-1;-1;1;1;1;-1;1;1;-1;1;-1;-1;-1;-1;1;1;1;-1;-1;1;-1;1;-1;1;1;-1;-1;-1;-1;1;1;1;1;1;1;-1;1;1;-1;-1;1;1;-1;1;1;-1;-1;-1;-1;1;-1;1;-1;1;-1;1;1;-1;-1;-1;-1;1;1;1;-1;-1;-1;-1;1;1;1;-1;1;1;-1;1;-1;1;1;-1;1;1;-1;1;-1;-1;1;-1;1;1;1;-1;1;1;1;-1;1;-1;1;-1;-1;1;1;1;1;-1;1;1;1;-1;-1;-1;-1;1;1;1;1;-1;-1;1;-1;1;1;1;1;1;-1;-1;1;1;1;1;-1;1;1;-1;-1;-1;-1;1;1;1;-1;1;1;1;-1;-1;-1;-1;1;-1;1;1;-1;-1;-1;1;1;1;1;-1;1;1;-1;-1;-1;-1;-1;1;1;-1;-1;1;-1;1;1;1;1;1;1;1;1;1;-1;-1;-1;-1;-1;1;-1;False;False;False;False;False;False;False;False;False;False;False;False;False;False;False;False;False;False;False;False;False;False;False;False;False;False;False;False;False;False;False;False;False;False;False;False;False;False;False;False;False;False;False;False;False;False;False;False;False;False;False;False;False;False;False;False;False;False;False;False;False;False;False;False;False;False;False;False;False;False;False;False;False;False;False;False;False;False;False;False;False;False;False;False;False;False;False;False;False;False;False;False;False;False;False;False;False;False;False;False;False;False;False;False;False;False;False;False;False;False;False;False;False;False;False;False;False;False;False;False;False;False;False;False;False;False;False;False;False;False;False;False;False;False;False;False;False;False;False;False;False;False;False;False;False;False;False;False;False;False;False;False;False;False;False;False;False;False;False;False;False;False;False;False;False;False;False;False;False;False;False;False;False;False;False;False;False;False;False;False;False;False;False;False;False;False;False;False;False;False;False;False;False;False;False;False;False;False;False;False;False;False;False;False;False;False;False;False;False;False;False;False;False;False;False;False;False;False;False;False;False;False;False;False;False;False;False;False;False;False;False;False;False;False;False;False;False;False;False;False;False;False;False;False;False;False;False;False;False;False;0;0;0;139;-17159.201886098544;6.13;6.444694757461548
198;-3.29;-10.71;12.22;-13.8;16.09;-3.52;11.45;-8.94;9.58;-4.99;-15.59;3.52;-12.88;-2.83;29.61;4.22;-6.41;14.33;14.86;2.6;5.11;6.84;0.99;-0.59;-2.88;3.99;15.15;2.91;-12.11;-15.94;3.46;1.14;8.4;6.51;2.5;-1.05;-1.65;-20.04;1.6;12.3;1.09;-2.28;-13.99;-20.27;0.9;5.97;-6.08;-4.44;8.37;13.68;6.63;11.84;24.73;6.18;21.06;2.47;-15.4;19.6;-4.48;-4.53;15.71;16.63;-4.99;-4.03;-13.73;-6.64;-0.69;7.28;-10.86;8.18;0.92;2.21;10.62;2.02;5.9;-4.44;-3.23;-3.74;-13.22;-6.94;-4.44;-7.84;-5.12;4.22;-8.93;8.37;1.66;4.7;3.13;-7.68;-6.68;2.41;2.83;-15.94;-0.65;-2.65;-11.81;5.15;-23.8;-0.1;11.27;2.09;-9.02;-13.89;2.29;1.22;0.37;-0.38;-9.69;9.09;27.21;10.31;16.55;-2.03;5.15;-2.01;-9.36;5.76;-7.28;12.6;-5.16;5.73;-4.54;2.63;3.3;-10.85;-4.23;-0.81;4.73;-9.21;-1.6;-8.17;-6.03;-18.6;-4.58;8.0;6.08;-14.94;-0.94;16.5;8.46;14.96;-12.35;3.81;7.33;-6.74;6.89;-11.79;6.61;-11.12;0.83;-10.13;-10.66;-14.19;-8.56;-20.82;-0.05;-14.4;-2.71;5.09;2.1;-4.38;9.6;6.71;-6.12;4.52;-6.15;7.0;-9.35;-0.0;4.0;-3.57;3.14;24.59;-11.12;11.11;-16.44;5.91;-26.83;-4.06;16.39;-20.05;3.02;5.71;10.38;25.29;-10.63;-0.84;2.44;7.23;2.68;0.63;-11.3;-6.18;-15.13;7.16;1.88;4.35;2.88;9.72;14.51;-2.71;-10.42;-10.52;-5.67;6.31;16.76;7.96;6.97;17.23;-1.71;-7.24;0.7;14.99;-2.48;7.34;4.12;5.59;-5.94;-2.31;-20.69;-21.06;-1.06;5.13;-9.67;7.04;14.61;5.44;-10.27;0.35;14.38;-14.38;1.68;-9.88;3.36;-8.17;12.47;8.14;-3.16;-11.47;-13.51;5.49;16.33;10.13;-7.72;6.53;-2.65;3.12;0.15;-3.51;1;-1;1;1;1;1;-1;-1;1;1;-1;1;1;1;1;1;1;-1;1;1;1;-1;1;1;1;-1;1;-1;-1;1;-1;1;1;-1;1;-1;1;-1;-1;1;-1;1;1;1;-1;1;1;-1;-1;-1;-1;-1;1;-1;1;-1;1;-1;1;-1;-1;1;1;1;-1;1;1;-1;1;-1;-1;-1;-1;1;1;1;-1;-1;1;-1;1;-1;1;1;-1;-1;-1;-1;1;1;1;1;1;1;-1;1;1;-1;-1;1;1;-1;1;1;-1;-1;-1;-1;1;-1;1;-1;1;-1;1;1;-1;-1;-1;-1;1;1;1;-1;-1;-1;-1;1;1;1;-1;1;1;-1;1;-1;1;1;-1;1;1;-1;1;-1;-1;1;-1;1;1;1;-1;1;1;1;-1;1;-1;1;-1;-1;1;1;1;1;-1;1;1;1;-1;-1;-1;-1;1;1;1;1;-1;-1;1;-1;1;1;1;1;1;-1;-1;1;1;1;1;-1;1;1;-1;-1;-1;-1;1;1;1;-1;1;1;1;-1;-1;-1;-1;1;-1;1;1;-1;-1;-1;1;1;1;1;-1;1;1;-1;-1;-1;-1;-1;1;1;-1;-1;1;-1;1;1;1;1;1;1;1;1;1;-1;-1;-1;-1;-1;1;-1;False;False;False;False;False;False;False;False;False;False;False;False;False;False;False;False;False;False;False;False;False;False;False;False;False;False;False;False;False;False;False;False;False;False;False;False;False;False;False;False;False;False;False;False;False;False;False;False;False;False;False;False;False;False;False;False;False;False;False;False;False;False;False;False;False;False;False;False;False;False;False;False;False;False;False;False;False;False;False;False;False;False;False;False;False;False;False;False;False;False;False;False;False;False;False;False;False;False;False;False;False;False;False;False;False;False;False;False;False;False;False;False;False;False;False;False;False;False;False;False;False;False;False;False;False;False;False;False;False;False;False;False;False;False;False;False;False;False;False;False;False;False;False;False;False;False;False;False;False;False;False;False;False;False;False;False;False;False;False;False;False;False;False;False;False;False;False;False;False;False;False;False;False;False;False;False;False;False;False;False;False;False;False;False;False;False;False;False;False;False;False;False;False;False;False;False;False;False;False;False;False;False;False;False;False;False;False;False;False;False;False;False;False;False;False;False;False;False;False;False;False;False;False;False;False;False;False;False;False;False;False;False;False;False;False;False;False;False;False;False;False;False;False;False;False;False;False;False;False;False;0;0;0;139;-17162.350004311458;5.89;6.146222352981567
199;8.1;13.12;6.51;-8.38;-16.71;2.51;0.88;3.07;-2.28;14.78;2.75;-9.03;4.26;-7.87;25.15;29.94;-3.97;-0.57;13.03;-7.29;9.84;-8.76;-16.72;1.13;6.03;15.56;12.38;11.6;-1.4;-15.97;-5.92;3.87;15.76;7.42;11.79;-6.98;-8.88;-5.39;-5.96;10.7;-3.22;-1.45;6.16;20.75;17.51;14.82;-14.52;4.36;12.56;-6.44;-4.13;-2.28;-7.79;11.67;-21.08;-15.9;0.83;6.73;8.95;0.35;-2.27;2.15;-11.66;-3.55;0.05;6.77;1.41;-9.9;4.74;26.21;11.45;-0.67;5.15;12.6;-2.48;-10.4;9.31;10.68;4.35;3.51;3.52;-16.79;29.67;6.61;-4.11;-7.64;-8.33;26.18;1.58;-0.68;24.48;-5.48;14.77;17.46;8.15;19.67;-10.47;0.88;14.61;-7.3;0.03;-5.89;-4.61;0.59;12.87;-5.24;-0.52;1.88;-19.25;15.73;4.76;23.57;-8.81;-4.1;-4.92;7.39;-6.82;7.07;17.18;13.75;13.0;-2.49;-7.52;-0.56;3.88;6.16;1.94;5.39;-15.93;1.5;-7.54;4.3;8.51;1.05;-0.95;11.44;-13.6;9.71;-11.21;21.72;5.36;1.28;-0.44;14.81;2.26;-3.54;-3.58;-6.43;8.32;13.33;9.49;-8.84;1.29;5.54;0.57;-33.01;13.4;14.27;-16.31;-6.48;-2.75;1.38;3.43;-0.63;4.53;-6.04;-2.02;2.87;1.16;27.79;-8.99;11.11;6.71;6.19;-1.88;-1.35;4.45;-2.63;0.67;-3.01;4.65;11.61;6.69;-2.47;1.83;-0.71;9.78;-11.18;-1.37;-16.5;7.82;-9.55;21.5;1.2;-11.68;7.81;-23.77;0.17;-4.22;10.94;9.76;-3.55;4.58;-2.55;-15.13;12.88;-5.11;0.56;-12.84;-13.75;-0.51;-3.17;-12.28;-15.63;10.95;-8.8;-1.79;3.2;13.54;-5.63;11.81;-8.5;9.87;-3.14;0.97;15.3;-0.97;23.21;-5.84;-13.12;9.07;2.67;-8.1;-0.42;3.45;4.5;7.77;5.01;-13.25;0.08;-9.25;-8.88;-2.97;8.86;-21.07;-1.19;-9.82;2.83;-4.34;1.1;1;-1;1;1;1;1;-1;-1;1;1;-1;1;1;1;1;1;1;-1;1;1;1;-1;1;1;1;-1;1;-1;-1;1;-1;1;1;-1;1;-1;1;-1;-1;1;-1;1;1;1;-1;1;1;-1;-1;-1;-1;-1;1;-1;1;-1;1;-1;1;-1;-1;1;1;1;-1;1;1;-1;1;-1;-1;-1;-1;1;1;1;-1;-1;1;-1;1;-1;1;1;-1;-1;-1;-1;1;1;1;1;1;1;-1;1;1;-1;-1;1;1;-1;1;1;-1;-1;-1;-1;1;-1;1;-1;1;-1;1;1;-1;-1;-1;-1;1;1;1;-1;-1;-1;-1;1;1;1;-1;1;1;-1;1;-1;1;1;-1;1;1;-1;1;-1;-1;1;-1;1;1;1;-1;1;1;1;-1;1;-1;1;-1;-1;1;1;1;1;-1;1;1;1;-1;-1;-1;-1;1;1;1;1;-1;-1;1;-1;1;1;1;1;1;-1;-1;1;1;1;1;-1;1;1;-1;-1;-1;-1;1;1;1;-1;1;1;1;-1;-1;-1;-1;1;-1;1;1;-1;-1;-1;1;1;1;1;-1;1;1;-1;-1;-1;-1;-1;1;1;-1;-1;1;-1;1;1;1;1;1;1;1;1;1;-1;-1;-1;-1;-1;1;-1;False;False;False;False;False;False;False;False;False;False;False;False;False;False;False;False;False;False;False;False;False;False;False;False;False;False;False;False;False;False;False;False;False;False;False;False;False;False;False;False;False;False;False;False;False;False;False;False;False;False;False;False;False;False;False;False;False;False;False;False;False;False;False;False;False;False;False;False;False;False;False;False;False;False;False;False;False;False;False;False;False;False;False;False;False;False;False;False;False;False;False;False;False;False;False;False;False;False;False;False;False;False;False;False;False;False;False;False;False;False;False;False;False;False;False;False;False;False;False;False;False;False;False;False;False;False;False;False;False;False;False;False;False;False;False;False;False;False;False;False;False;False;False;False;False;False;False;False;False;False;False;False;False;False;False;False;False;False;False;False;False;False;False;False;False;False;False;False;False;False;False;False;False;False;False;False;False;False;False;False;False;False;False;False;False;False;False;False;False;False;False;False;False;False;False;False;False;False;False;False;False;False;False;False;False;False;False;False;False;False;False;False;False;False;False;False;False;False;False;False;False;False;False;False;False;False;False;False;False;False;False;False;False;False;False;False;False;False;False;False;False;False;False;False;False;False;False;False;False;False;0;0;0;139;-17170.922149061626;6.97;7.220343828201294
